study_number,study_digits,eurobarometer,fieldwork_month,fieldwork_year,item_variable,item_code,item_label,item_level,item_new_code,item_new_level,item_type,trends_issues,trends_threats,standard_report,subset,special_topic,survey_type,comment
ZA0628,628,ECS73,9 Oct,1973,isocntry,isocntry,NATION - ALL SAMPLES ISO 3166 (CROSSTABULATION VARIABLE),,isocntry, = FR  = BE  = NL  = DE  = IT  = LU  = DK  = IE  = GB,NA,NA,NA,NA,NA,NA,NA,NA
ZA1318,1318,19,3 Apr,1983,isocntry,isocntry,NATION - ALL SAMPLES ISO 3166 (CROSSTABULATION VARIABLE),,isocntry, = FR  = BE  = NL  = DE  = IT  = LU  = DK  = IE  = GB-GBN  = GB-NIR  = GR,NA,NA,NA,NA,NA,NA,NA,NA
ZA1715,1715,30,10 Nov,1988,isocntry,isocntry,NATION - ALL SAMPLES ISO 3166 (CROSSTABULATION VARIABLE),,isocntry, = DE  = BE  = DK  = IE  = ES  = FR  = GB-GBN  = GR  = NL  = GB-NIR  = IT  = LU  = PT,NA,NA,NA,NA,NA,NA,NA,NA
ZA1750,1750,31,3 Apr,1989,isocntry,isocntry,NATION - ALL SAMPLES ISO 3166 (CROSSTABULATION VARIABLE),,isocntry, = DE  = BE  = DK  = IE  = ES  = FR  = GB-GBN  = GR  = NL  = GB-NIR  = IT  = LU  = PT,NA,NA,NA,NA,NA,NA,NA,NA
ZA1750,1750,31,3 Apr,1989,v532,v532,SPLIT BALLOT (Q.449),,NA,0 = DK NA 1 = BALLOT A 2 = BALLOT B,NA,NA,NA,NA,NA,NA,NA,NA
ZA1751,1751,31A,7,1989,isocntry,isocntry,NATION - ALL SAMPLES ISO 3166 (CROSSTABULATION VARIABLE),,isocntry, = FR  = GB-GBN  = DE  = IT  = NL  = DK  = BE  = LU  = IE  = GB-NIR  = GR  = ES  = PT,NA,NA,NA,NA,NA,NA,NA,NA
ZA1751,1751,31A,7,1989,v15,Q127,SPLIT FORM OF QUESTION SATISDEMO Q127,,NA,1 = VERSION 1 2 = VERSION 2,NA,NA,NA,NA,NA,NA,NA,NA
ZA1751,1751,31A,7,1989,v464,Q336/Q337,SPLIT Q336/Q337 RELATIVE INTERVIEW DATE,,NA,0 = DK/NA 1 = BEFORE  JUNE 27TH 2 = AFTER JUNE 27TH,NA,NA,NA,NA,NA,NA,NA,NA
ZA2491,2491,Eurobarometer 41.1,Jun-Jul,1994,isocntry,isocntry,NATION - ALL SAMPLES ISO 3166 (CROSSTABULATION VARIABLE),,isocntry, = BE  = DK  = DE-W  = GR  = IT  = ES  = FR  = IE  = GB-NIR  = LU  = NL  = PT  = GB-GBN  = DE-E,NA,NA,NA,,X,X,special,NA
ZA3640,3640,Eurobarometer 57.2,Apr-Jun,2002,isocntry,isocntry,NATION - ALL SAMPLES ISO 3166 (CROSSTABULATION VARIABLE),,isocntry, = BE  = DK  = DE-W  = GR  = IT  = ES  = FR  = IE  = GB-NIR  = LU  = NL  = PT  = GB-GBN  = DE-E  = FI  = SE  = AT  = CZ  = HU  = PL,NA,NA,NA,,X,,subset,NA
ZA3640,3640,Eurobarometer 57.2,Apr-Jun,2002,v45,Q2,Q2 IMPORTANT ISSUES: CRIME,,NA,"0 = Not mentioned 1 = Mentioned 9 = Inap. (not asked in CZ, HU and PL)",NA,NA,NA,,X,,subset,NA
ZA3640,3640,Eurobarometer 57.2,Apr-Jun,2002,v46,Q2,Q2 IMPORTANT ISSUES: PUBLIC TRANSPORT,,NA,"0 = Not mentioned 1 = Mentioned 9 = Inap. (not asked in CZ, HU and PL)",NA,NA,NA,,X,,subset,NA
ZA3640,3640,Eurobarometer 57.2,Apr-Jun,2002,v47,Q2,Q2 IMPORTANT ISSUES: ECONOMIC SITUATION,,NA,"0 = Not mentioned 1 = Mentioned 9 = Inap. (not asked in CZ, HU and PL)",NA,NA,NA,,X,,subset,NA
ZA3640,3640,Eurobarometer 57.2,Apr-Jun,2002,v48,Q2,Q2 IMPORTANT ISSUES: RISING PRICES / INFLA,,NA,"0 = Not mentioned 1 = Mentioned 9 = Inap. (not asked in CZ, HU and PL)",NA,NA,NA,,X,,subset,NA
ZA3640,3640,Eurobarometer 57.2,Apr-Jun,2002,v49,Q2,Q2 IMPORTANT ISSUES: TAXATION,,NA,"0 = Not mentioned 1 = Mentioned 9 = Inap. (not asked in CZ, HU and PL)",NA,NA,NA,,X,,subset,NA
ZA3640,3640,Eurobarometer 57.2,Apr-Jun,2002,v50,Q2,Q2 IMPORTANT ISSUES: UNEMPLOYMENT,,NA,"0 = Not mentioned 1 = Mentioned 9 = Inap. (not asked in CZ, HU and PL)",NA,NA,NA,,X,,subset,NA
ZA3640,3640,Eurobarometer 57.2,Apr-Jun,2002,v51,Q2,Q2 IMPORTANT ISSUES: TERRORISM,,NA,"0 = Not mentioned 1 = Mentioned 9 = Inap. (not asked in CZ, HU and PL)",NA,NA,NA,,X,,subset,NA
ZA3640,3640,Eurobarometer 57.2,Apr-Jun,2002,v52,Q2,Q2 IMPORTANT ISSUES: DEFENCE / FOREIGN AFF,,NA,"0 = Not mentioned 1 = Mentioned 9 = Inap. (not asked in CZ, HU and PL)",NA,NA,NA,,X,,subset,NA
ZA3640,3640,Eurobarometer 57.2,Apr-Jun,2002,v53,Q2,Q2 IMPORTANT ISSUES: HOUSING,,NA,"0 = Not mentioned 1 = Mentioned 9 = Inap. (not asked in CZ, HU and PL)",NA,NA,NA,,X,,subset,NA
ZA3640,3640,Eurobarometer 57.2,Apr-Jun,2002,v54,Q2,Q2 IMPORTANT ISSUES: IMMIGRATION,,NA,"0 = Not mentioned 1 = Mentioned 9 = Inap. (not asked in CZ, HU and PL)",NA,NA,NA,,X,,subset,NA
ZA3640,3640,Eurobarometer 57.2,Apr-Jun,2002,v55,Q2,Q2 IMPORTANT ISSUES: HEALTH CARE SYSTEM,,NA,"0 = Not mentioned 1 = Mentioned 9 = Inap. (not asked in CZ, HU and PL)",NA,NA,NA,,X,,subset,NA
ZA3640,3640,Eurobarometer 57.2,Apr-Jun,2002,v56,Q2,Q2 IMPORTANT ISSUES: EDUCATIONAL SYSTEM,,NA,"0 = Not mentioned 1 = Mentioned 9 = Inap. (not asked in CZ, HU and PL)",NA,NA,NA,,X,,subset,NA
ZA3640,3640,Eurobarometer 57.2,Apr-Jun,2002,v57,Q2,Q2 IMPORTANT ISSUES: PENSIONS,,NA,"0 = Not mentioned 1 = Mentioned 9 = Inap. (not asked in CZ, HU and PL)",NA,NA,NA,,X,,subset,NA
ZA3640,3640,Eurobarometer 57.2,Apr-Jun,2002,v58,Q2,Q2 IMPORTANT ISSUES: ENVIRONMENT PROTECT,,NA,"0 = Not mentioned 1 = Mentioned 9 = Inap. (not asked in CZ, HU and PL)",NA,NA,NA,,X,,subset,NA
ZA3640,3640,Eurobarometer 57.2,Apr-Jun,2002,v59,Q2,Q2 IMPORTANT ISSUES: OTHERS,,NA,"0 = Not mentioned 1 = Mentioned 9 = Inap. (not asked in CZ, HU and PL)",NA,NA,NA,,X,,subset,NA
ZA3640,3640,Eurobarometer 57.2,Apr-Jun,2002,v60,Q2,Q2 IMPORTANT ISSUES: DK,,NA,"0 = Not mentioned 1 = Mentioned 9 = Inap. (not asked in CZ, HU and PL)",NA,NA,NA,,X,,subset,NA
ZA3904,3904,Eurobarometer 59.1,Mar-Apr,2003,v7,v7,NATION - ALL SAMPLES ISO 3166,,isocntry, = BE  = DK  = DE-W  = GR  = IT  = ES  = FR  = IE  = GB-NIR  = LU  = NL  = PT  = GB-GBN  = DE-E  = FI  = SE  = AT,NA,NA,NA,X,,,standard,NA
ZA3904,3904,Eurobarometer 59.1,Mar-Apr,2003,v67,Q5,Q5 IMPORTANT ISSUES: CRIME,,NA,0 = Not mentioned 1 = Mentioned,NA,NA,NA,X,,,standard,NA
ZA3904,3904,Eurobarometer 59.1,Mar-Apr,2003,v68,Q5,Q5 IMPORTANT ISSUES: PUBLIC TRANSPORT,,NA,0 = Not mentioned 1 = Mentioned,NA,NA,NA,X,,,standard,NA
ZA3904,3904,Eurobarometer 59.1,Mar-Apr,2003,v69,Q5,Q5 IMPORTANT ISSUES: ECONOMIC SITUATION,,NA,0 = Not mentioned 1 = Mentioned,NA,NA,NA,X,,,standard,NA
ZA3904,3904,Eurobarometer 59.1,Mar-Apr,2003,v70,Q5,Q5 IMPORTANT ISSUES: RISING PRICES/INFLA,,NA,0 = Not mentioned 1 = Mentioned,NA,NA,NA,X,,,standard,NA
ZA3904,3904,Eurobarometer 59.1,Mar-Apr,2003,v71,Q5,Q5 IMPORTANT ISSUES: TAXATION,,NA,0 = Not mentioned 1 = Mentioned,NA,NA,NA,X,,,standard,NA
ZA3904,3904,Eurobarometer 59.1,Mar-Apr,2003,v72,Q5,Q5 IMPORTANT ISSUES: UNEMPLOYMENT,,NA,0 = Not mentioned 1 = Mentioned,NA,NA,NA,X,,,standard,NA
ZA3904,3904,Eurobarometer 59.1,Mar-Apr,2003,v73,Q5,Q5 IMPORTANT ISSUES: TERRORISM,,NA,0 = Not mentioned 1 = Mentioned,NA,NA,NA,X,,,standard,NA
ZA3904,3904,Eurobarometer 59.1,Mar-Apr,2003,v74,Q5,Q5 IMPORTANT ISSUES: DEFENCE/FOREIGN AFF,,NA,0 = Not mentioned 1 = Mentioned,NA,NA,NA,X,,,standard,NA
ZA3904,3904,Eurobarometer 59.1,Mar-Apr,2003,v75,Q5,Q5 IMPORTANT ISSUES: HOUSING,,NA,0 = Not mentioned 1 = Mentioned,NA,NA,NA,X,,,standard,NA
ZA3904,3904,Eurobarometer 59.1,Mar-Apr,2003,v76,Q5,Q5 IMPORTANT ISSUES: IMMIGRATION,,NA,0 = Not mentioned 1 = Mentioned,NA,NA,NA,X,,,standard,NA
ZA3904,3904,Eurobarometer 59.1,Mar-Apr,2003,v77,Q5,Q5 IMPORTANT ISSUES: HEALTH CARE SYSTEM,,NA,0 = Not mentioned 1 = Mentioned,NA,NA,NA,X,,,standard,NA
ZA3904,3904,Eurobarometer 59.1,Mar-Apr,2003,v78,Q5,Q5 IMPORTANT ISSUES: EDUCATIONAL SYSTEM,,NA,0 = Not mentioned 1 = Mentioned,NA,NA,NA,X,,,standard,NA
ZA3904,3904,Eurobarometer 59.1,Mar-Apr,2003,v79,Q5,Q5 IMPORTANT ISSUES: PENSIONS,,NA,0 = Not mentioned 1 = Mentioned,NA,NA,NA,X,,,standard,NA
ZA3904,3904,Eurobarometer 59.1,Mar-Apr,2003,v80,Q5,Q5 IMPORTANT ISSUES: ENVIRONMENT PROTECT,,NA,0 = Not mentioned 1 = Mentioned,NA,NA,NA,X,,,standard,NA
ZA3904,3904,Eurobarometer 59.1,Mar-Apr,2003,v81,Q5,Q5 IMPORTANT ISSUES: OTHERS,,NA,0 = Not mentioned 1 = Mentioned,NA,NA,NA,X,,,standard,NA
ZA3904,3904,Eurobarometer 59.1,Mar-Apr,2003,v82,Q5,Q5 IMPORTANT ISSUES: DK,,NA,0 = Not mentioned 1 = Mentioned,NA,NA,NA,X,,,standard,NA
ZA3938,3938,Eurobarometer 60.1,Oct-Nov,2003,v156,Q26,Q26 IMPORTANT ISSUES: CRIME,,NA,0 = Not mentioned 1 = Mentioned,NA,NA,NA,X,,,standard,NA
ZA3938,3938,Eurobarometer 60.1,Oct-Nov,2003,v157,Q26,Q26 IMPORTANT ISSUES: PUBLIC TRANSPORT,,NA,0 = Not mentioned 1 = Mentioned,NA,NA,NA,X,,,standard,NA
ZA3938,3938,Eurobarometer 60.1,Oct-Nov,2003,v158,Q26,Q26 IMPORTANT ISSUES: ECONOMIC SITUATION,,NA,0 = Not mentioned 1 = Mentioned,NA,NA,NA,X,,,standard,NA
ZA3938,3938,Eurobarometer 60.1,Oct-Nov,2003,v159,Q26,Q26 IMPORTANT ISSUES: RISING PRICES / INFLA,,NA,0 = Not mentioned 1 = Mentioned,NA,NA,NA,X,,,standard,NA
ZA3938,3938,Eurobarometer 60.1,Oct-Nov,2003,v160,Q26,Q26 IMPORTANT ISSUES: TAXATION,,NA,0 = Not mentioned 1 = Mentioned,NA,NA,NA,X,,,standard,NA
ZA3938,3938,Eurobarometer 60.1,Oct-Nov,2003,v161,Q26,Q26 IMPORTANT ISSUES: UNEMPLOYMENT,,NA,0 = Not mentioned 1 = Mentioned,NA,NA,NA,X,,,standard,NA
ZA3938,3938,Eurobarometer 60.1,Oct-Nov,2003,v162,Q26,Q26 IMPORTANT ISSUES: TERRORISM,,NA,0 = Not mentioned 1 = Mentioned,NA,NA,NA,X,,,standard,NA
ZA3938,3938,Eurobarometer 60.1,Oct-Nov,2003,v163,Q26,Q26 IMPORTANT ISSUES: DEFENCE / FOREIGN AFF,,NA,0 = Not mentioned 1 = Mentioned,NA,NA,NA,X,,,standard,NA
ZA3938,3938,Eurobarometer 60.1,Oct-Nov,2003,v164,Q26,Q26 IMPORTANT ISSUES: HOUSING,,NA,0 = Not mentioned 1 = Mentioned,NA,NA,NA,X,,,standard,NA
ZA3938,3938,Eurobarometer 60.1,Oct-Nov,2003,v165,Q26,Q26 IMPORTANT ISSUES: IMMIGRATION,,NA,0 = Not mentioned 1 = Mentioned,NA,NA,NA,X,,,standard,NA
ZA3938,3938,Eurobarometer 60.1,Oct-Nov,2003,v166,Q26,Q26 IMPORTANT ISSUES: HEALTH CARE SYSTEM,,NA,0 = Not mentioned 1 = Mentioned,NA,NA,NA,X,,,standard,NA
ZA3938,3938,Eurobarometer 60.1,Oct-Nov,2003,v167,Q26,Q26 IMPORTANT ISSUES: EDUCATIONAL SYSTEM,,NA,0 = Not mentioned 1 = Mentioned,NA,NA,NA,X,,,standard,NA
ZA3938,3938,Eurobarometer 60.1,Oct-Nov,2003,v168,Q26,Q26 IMPORTANT ISSUES: PENSIONS,,NA,0 = Not mentioned 1 = Mentioned,NA,NA,NA,X,,,standard,NA
ZA3938,3938,Eurobarometer 60.1,Oct-Nov,2003,v169,Q26,Q26 IMPORTANT ISSUES: ENVIRONMENT PROTECT,,NA,0 = Not mentioned 1 = Mentioned,NA,NA,NA,X,,,standard,NA
ZA3938,3938,Eurobarometer 60.1,Oct-Nov,2003,v170,Q26,Q26 IMPORTANT ISSUES: OTHERS,,NA,0 = Not mentioned 1 = Mentioned,NA,NA,NA,X,,,standard,NA
ZA3938,3938,Eurobarometer 60.1,Oct-Nov,2003,v171,Q26,Q26 IMPORTANT ISSUES: DK,,NA,0 = Not mentioned 1 = Mentioned,NA,NA,NA,X,,,standard,NA
ZA3938,3938,Eurobarometer 60.1,Oct-Nov,2003,isocntry,isocntry,NATION - ALL SAMPLES ISO 3166 (CROSSTABULATION VARIABLE),,isocntry, = BE  = DK  = DE-W  = GR  = IT  = ES  = FR  = IE  = GB-NIR  = LU  = NL  = PT  = GB-GBN  = DE-E  = FI  = SE  = AT,NA,NA,NA,X,,,standard,NA
ZA4056,4056,Eurobarometer 61,Feb-Mar,2004,isocntry,isocntry,NATION - ALL SAMPLES ISO 3166 (CROSSTABULATION VARIABLE),,isocntry, = BE  = DK  = DE-W  = GR  = IT  = ES  = FR  = IE  = GB-NIR  = LU  = NL  = PT  = GB-GBN  = DE-E  = FI  = SE  = AT,NA,NA,NA,X,,,standard,NA
ZA4056,4056,Eurobarometer 61,Feb-Mar,2004,v163,Q27,Q27 IMPORTANT ISSUES: CRIME,,NA,0 = Not mentioned 1 = Mentioned,NA,NA,NA,X,,,standard,NA
ZA4056,4056,Eurobarometer 61,Feb-Mar,2004,v164,Q27,Q27 IMPORTANT ISSUES: PUBLIC TRANSPORT,,NA,0 = Not mentioned 1 = Mentioned,NA,NA,NA,X,,,standard,NA
ZA4056,4056,Eurobarometer 61,Feb-Mar,2004,v165,Q27,Q27 IMPORTANT ISSUES: ECONOMIC SITUATION,,NA,0 = Not mentioned 1 = Mentioned,NA,NA,NA,X,,,standard,NA
ZA4056,4056,Eurobarometer 61,Feb-Mar,2004,v166,Q27,Q27 IMPORTANT ISSUES: RISING PRICES / INFLA,,NA,0 = Not mentioned 1 = Mentioned,NA,NA,NA,X,,,standard,NA
ZA4056,4056,Eurobarometer 61,Feb-Mar,2004,v167,Q27,Q27 IMPORTANT ISSUES: TAXATION,,NA,0 = Not mentioned 1 = Mentioned,NA,NA,NA,X,,,standard,NA
ZA4056,4056,Eurobarometer 61,Feb-Mar,2004,v168,Q27,Q27 IMPORTANT ISSUES: UNEMPLOYMENT,,NA,0 = Not mentioned 1 = Mentioned,NA,NA,NA,X,,,standard,NA
ZA4056,4056,Eurobarometer 61,Feb-Mar,2004,v169,Q27,Q27 IMPORTANT ISSUES: TERRORISM,,NA,0 = Not mentioned 1 = Mentioned,NA,NA,NA,X,,,standard,NA
ZA4056,4056,Eurobarometer 61,Feb-Mar,2004,v170,Q27,Q27 IMPORTANT ISSUES: DEFENCE / FOREIGN AFF,,NA,0 = Not mentioned 1 = Mentioned,NA,NA,NA,X,,,standard,NA
ZA4056,4056,Eurobarometer 61,Feb-Mar,2004,v171,Q27,Q27 IMPORTANT ISSUES: HOUSING,,NA,0 = Not mentioned 1 = Mentioned,NA,NA,NA,X,,,standard,NA
ZA4056,4056,Eurobarometer 61,Feb-Mar,2004,v172,Q27,Q27 IMPORTANT ISSUES: IMMIGRATION,,NA,0 = Not mentioned 1 = Mentioned,NA,NA,NA,X,,,standard,NA
ZA4056,4056,Eurobarometer 61,Feb-Mar,2004,v173,Q27,Q27 IMPORTANT ISSUES: HEALTHCARE SYSTEM,,NA,0 = Not mentioned 1 = Mentioned,NA,NA,NA,X,,,standard,NA
ZA4056,4056,Eurobarometer 61,Feb-Mar,2004,v174,Q27,Q27 IMPORTANT ISSUES: EDUCATIONAL SYSTEM,,NA,0 = Not mentioned 1 = Mentioned,NA,NA,NA,X,,,standard,NA
ZA4056,4056,Eurobarometer 61,Feb-Mar,2004,v175,Q27,Q27 IMPORTANT ISSUES: PENSIONS,,NA,0 = Not mentioned 1 = Mentioned,NA,NA,NA,X,,,standard,NA
ZA4056,4056,Eurobarometer 61,Feb-Mar,2004,v176,Q27,Q27 IMPORTANT ISSUES: ENVIRONMENT PROTECT,,NA,0 = Not mentioned 1 = Mentioned,NA,NA,NA,X,,,standard,NA
ZA4056,4056,Eurobarometer 61,Feb-Mar,2004,v177,Q27,Q27 IMPORTANT ISSUES: OTHERS,,NA,0 = Not mentioned 1 = Mentioned,NA,NA,NA,X,,,standard,NA
ZA4056,4056,Eurobarometer 61,Feb-Mar,2004,v178,Q27,Q27 IMPORTANT ISSUES: DK,,NA,0 = Not mentioned 1 = Mentioned,NA,NA,NA,X,,,standard,NA
ZA4229,4229,Eurobarometer 62.0,Oct-Nov,2004,v219,Q33,Q33 IMPORTANT ISSUES: CRIME,,NA,0 = Not mentioned 1 = Mentioned,NA,NA,NA,X,,,standard,NA
ZA4229,4229,Eurobarometer 62.0,Oct-Nov,2004,v220,Q33,Q33 IMPORTANT ISSUES: PUBLIC TRANSPORT,,NA,0 = Not mentioned 1 = Mentioned,NA,NA,NA,X,,,standard,NA
ZA4229,4229,Eurobarometer 62.0,Oct-Nov,2004,v221,Q33,Q33 IMPORTANT ISSUES: ECONOMIC SITUATION,,NA,0 = Not mentioned 1 = Mentioned,NA,NA,NA,X,,,standard,NA
ZA4229,4229,Eurobarometer 62.0,Oct-Nov,2004,v222,Q33,Q33 IMPORTANT ISSUES: RISING PRICES / INFLA,,NA,0 = Not mentioned 1 = Mentioned,NA,NA,NA,X,,,standard,NA
ZA4229,4229,Eurobarometer 62.0,Oct-Nov,2004,v223,Q33,Q33 IMPORTANT ISSUES: TAXATION,,NA,0 = Not mentioned 1 = Mentioned,NA,NA,NA,X,,,standard,NA
ZA4229,4229,Eurobarometer 62.0,Oct-Nov,2004,v224,Q33,Q33 IMPORTANT ISSUES: UNEMPLOYMENT,,NA,0 = Not mentioned 1 = Mentioned,NA,NA,NA,X,,,standard,NA
ZA4229,4229,Eurobarometer 62.0,Oct-Nov,2004,v225,Q33,Q33 IMPORTANT ISSUES: TERRORISM,,NA,0 = Not mentioned 1 = Mentioned,NA,NA,NA,X,,,standard,NA
ZA4229,4229,Eurobarometer 62.0,Oct-Nov,2004,v226,Q33,Q33 IMPORTANT ISSUES: DEFENCE / FOREIGN AFF,,NA,0 = Not mentioned 1 = Mentioned,NA,NA,NA,X,,,standard,NA
ZA4229,4229,Eurobarometer 62.0,Oct-Nov,2004,v227,Q33,Q33 IMPORTANT ISSUES: HOUSING,,NA,0 = Not mentioned 1 = Mentioned,NA,NA,NA,X,,,standard,NA
ZA4229,4229,Eurobarometer 62.0,Oct-Nov,2004,v228,Q33,Q33 IMPORTANT ISSUES: IMMIGRATION,,NA,0 = Not mentioned 1 = Mentioned,NA,NA,NA,X,,,standard,NA
ZA4229,4229,Eurobarometer 62.0,Oct-Nov,2004,v229,Q33,Q33 IMPORTANT ISSUES: HEALTHCARE SYSTEM,,NA,0 = Not mentioned 1 = Mentioned,NA,NA,NA,X,,,standard,NA
ZA4229,4229,Eurobarometer 62.0,Oct-Nov,2004,v230,Q33,Q33 IMPORTANT ISSUES: EDUCATIONAL SYSTEM,,NA,0 = Not mentioned 1 = Mentioned,NA,NA,NA,X,,,standard,NA
ZA4229,4229,Eurobarometer 62.0,Oct-Nov,2004,v231,Q33,Q33 IMPORTANT ISSUES: PENSIONS,,NA,0 = Not mentioned 1 = Mentioned,NA,NA,NA,X,,,standard,NA
ZA4229,4229,Eurobarometer 62.0,Oct-Nov,2004,v232,Q33,Q33 IMPORTANT ISSUES: ENVIRONMENT PROTECT,,NA,0 = Not mentioned 1 = Mentioned,NA,NA,NA,X,,,standard,NA
ZA4229,4229,Eurobarometer 62.0,Oct-Nov,2004,v233,Q33,Q33 IMPORTANT ISSUES: OTHERS,,NA,0 = Not mentioned 1 = Mentioned,NA,NA,NA,X,,,standard,NA
ZA4229,4229,Eurobarometer 62.0,Oct-Nov,2004,v234,Q33,Q33 IMPORTANT ISSUES: DK,,NA,0 = Not mentioned 1 = Mentioned,NA,NA,NA,X,,,standard,NA
ZA4229,4229,Eurobarometer 62.0,Oct-Nov,2004,v7,v7,NATION - ALL SAMPLES ISO 3166,,isocntry, = BE  = DK  = GR  = ES  = FI  = FR  = IE  = IT  = LU  = NL  = AT  = PT  = SE  = DE-W  = DE-E  = GB-GBN  = GB-NIR  = BG  = CY  = CZ  = EE  = HU  = LV  = LT  = MT  = PL  = RO  = SK  = SI  = TR  = HR  = CY-TCC,NA,NA,NA,X,,,standard,NA
ZA4411,4411,Eurobarometer 63.4,May-Jun,2005,v7,v7,NATION - ALL SAMPLES ISO 3166,,isocntry, = BE  = DK  = GR  = ES  = FI  = FR  = IE  = IT  = LU  = NL  = AT  = PT  = SE  = DE-W  = DE-E  = GB-GBN  = GB-NIR  = BG  = CY  = CZ  = EE  = HU  = LV  = LT  = MT  = PL  = RO  = SK  = SI  = TR  = HR  = CY-TCC,NA,NA,NA,X,,,standard,NA
ZA4411,4411,Eurobarometer 63.4,May-Jun,2005,v181,QA26,QA26 IMPORTANT ISSUES: CRIME,,NA,0 = Not mentioned 1 = Mentioned,NA,NA,NA,X,,,standard,NA
ZA4411,4411,Eurobarometer 63.4,May-Jun,2005,v182,QA26,QA26 IMPORTANT ISSUES: PUBLIC TRANSPORT,,NA,0 = Not mentioned 1 = Mentioned,NA,NA,NA,X,,,standard,NA
ZA4411,4411,Eurobarometer 63.4,May-Jun,2005,v183,QA26,QA26 IMPORTANT ISSUES: ECONOMIC SITUATION,,NA,0 = Not mentioned 1 = Mentioned,NA,NA,NA,X,,,standard,NA
ZA4411,4411,Eurobarometer 63.4,May-Jun,2005,v184,QA26,QA26 IMPORTANT ISSUES: RISING PRICES / INFLA,,NA,0 = Not mentioned 1 = Mentioned,NA,NA,NA,X,,,standard,NA
ZA4411,4411,Eurobarometer 63.4,May-Jun,2005,v185,QA26,QA26 IMPORTANT ISSUES: TAXATION,,NA,0 = Not mentioned 1 = Mentioned,NA,NA,NA,X,,,standard,NA
ZA4411,4411,Eurobarometer 63.4,May-Jun,2005,v186,QA26,QA26 IMPORTANT ISSUES: UNEMPLOYMENT,,NA,0 = Not mentioned 1 = Mentioned,NA,NA,NA,X,,,standard,NA
ZA4411,4411,Eurobarometer 63.4,May-Jun,2005,v187,QA26,QA26 IMPORTANT ISSUES: TERRORISM,,NA,0 = Not mentioned 1 = Mentioned,NA,NA,NA,X,,,standard,NA
ZA4411,4411,Eurobarometer 63.4,May-Jun,2005,v188,QA26,QA26 IMPORTANT ISSUES: DEFENCE / FOREIGN AFF,,NA,0 = Not mentioned 1 = Mentioned,NA,NA,NA,X,,,standard,NA
ZA4411,4411,Eurobarometer 63.4,May-Jun,2005,v189,QA26,QA26 IMPORTANT ISSUES: HOUSING,,NA,0 = Not mentioned 1 = Mentioned,NA,NA,NA,X,,,standard,NA
ZA4411,4411,Eurobarometer 63.4,May-Jun,2005,v190,QA26,QA26 IMPORTANT ISSUES: IMMIGRATION,,NA,0 = Not mentioned 1 = Mentioned,NA,NA,NA,X,,,standard,NA
ZA4411,4411,Eurobarometer 63.4,May-Jun,2005,v191,QA26,QA26 IMPORTANT ISSUES: HEALTHCARE SYSTEM,,NA,0 = Not mentioned 1 = Mentioned,NA,NA,NA,X,,,standard,NA
ZA4411,4411,Eurobarometer 63.4,May-Jun,2005,v192,QA26,QA26 IMPORTANT ISSUES: EDUCATIONAL SYSTEM,,NA,0 = Not mentioned 1 = Mentioned,NA,NA,NA,X,,,standard,NA
ZA4411,4411,Eurobarometer 63.4,May-Jun,2005,v193,QA26,QA26 IMPORTANT ISSUES: PENSIONS,,NA,0 = Not mentioned 1 = Mentioned,NA,NA,NA,X,,,standard,NA
ZA4411,4411,Eurobarometer 63.4,May-Jun,2005,v194,QA26,QA26 IMPORTANT ISSUES: ENVIRONMENT PROTECT,,NA,0 = Not mentioned 1 = Mentioned,NA,NA,NA,X,,,standard,NA
ZA4411,4411,Eurobarometer 63.4,May-Jun,2005,v195,QA26,QA26 IMPORTANT ISSUES: OTHERS,,NA,0 = Not mentioned 1 = Mentioned,NA,NA,NA,X,,,standard,NA
ZA4411,4411,Eurobarometer 63.4,May-Jun,2005,v196,QA26,QA26 IMPORTANT ISSUES: DK,,NA,0 = Not mentioned 1 = Mentioned,NA,NA,NA,X,,,standard,NA
ZA4414,4414,Eurobarometer 64.2,Oct-Nov,2005,v229,QA30,QA30 IMPORTANT ISSUES: CRIME,,NA,0 = Not mentioned 1 = Mentioned,NA,NA,NA,X,,,standard,NA
ZA4414,4414,Eurobarometer 64.2,Oct-Nov,2005,v230,QA30,QA30 IMPORTANT ISSUES: PUBLIC TRANSPORT,,NA,0 = Not mentioned 1 = Mentioned,NA,NA,NA,X,,,standard,NA
ZA4414,4414,Eurobarometer 64.2,Oct-Nov,2005,v231,QA30,QA30 IMPORTANT ISSUES: ECONOMIC SITUATION,,NA,0 = Not mentioned 1 = Mentioned,NA,NA,NA,X,,,standard,NA
ZA4414,4414,Eurobarometer 64.2,Oct-Nov,2005,v232,QA30,QA30 IMPORTANT ISSUES: RISING PRICES / INFLA,,NA,0 = Not mentioned 1 = Mentioned,NA,NA,NA,X,,,standard,NA
ZA4414,4414,Eurobarometer 64.2,Oct-Nov,2005,v233,QA30,QA30 IMPORTANT ISSUES: TAXATION,,NA,0 = Not mentioned 1 = Mentioned,NA,NA,NA,X,,,standard,NA
ZA4414,4414,Eurobarometer 64.2,Oct-Nov,2005,v234,QA30,QA30 IMPORTANT ISSUES: UNEMPLOYMENT,,NA,0 = Not mentioned 1 = Mentioned,NA,NA,NA,X,,,standard,NA
ZA4414,4414,Eurobarometer 64.2,Oct-Nov,2005,v235,QA30,QA30 IMPORTANT ISSUES: TERRORISM,,NA,0 = Not mentioned 1 = Mentioned,NA,NA,NA,X,,,standard,NA
ZA4414,4414,Eurobarometer 64.2,Oct-Nov,2005,v236,QA30,QA30 IMPORTANT ISSUES: DEFENCE / FOREIGN AFF,,NA,0 = Not mentioned 1 = Mentioned,NA,NA,NA,X,,,standard,NA
ZA4414,4414,Eurobarometer 64.2,Oct-Nov,2005,v237,QA30,QA30 IMPORTANT ISSUES: HOUSING,,NA,0 = Not mentioned 1 = Mentioned,NA,NA,NA,X,,,standard,NA
ZA4414,4414,Eurobarometer 64.2,Oct-Nov,2005,v238,QA30,QA30 IMPORTANT ISSUES: IMMIGRATION,,NA,0 = Not mentioned 1 = Mentioned,NA,NA,NA,X,,,standard,NA
ZA4414,4414,Eurobarometer 64.2,Oct-Nov,2005,v239,QA30,QA30 IMPORTANT ISSUES: HEALTHCARE SYSTEM,,NA,0 = Not mentioned 1 = Mentioned,NA,NA,NA,X,,,standard,NA
ZA4414,4414,Eurobarometer 64.2,Oct-Nov,2005,v240,QA30,QA30 IMPORTANT ISSUES: EDUCATIONAL SYSTEM,,NA,0 = Not mentioned 1 = Mentioned,NA,NA,NA,X,,,standard,NA
ZA4414,4414,Eurobarometer 64.2,Oct-Nov,2005,v241,QA30,QA30 IMPORTANT ISSUES: PENSIONS,,NA,0 = Not mentioned 1 = Mentioned,NA,NA,NA,X,,,standard,NA
ZA4414,4414,Eurobarometer 64.2,Oct-Nov,2005,v242,QA30,QA30 IMPORTANT ISSUES: ENVIRONMENT PROTECT,,NA,0 = Not mentioned 1 = Mentioned,NA,NA,NA,X,,,standard,NA
ZA4414,4414,Eurobarometer 64.2,Oct-Nov,2005,v243,QA30,QA30 IMPORTANT ISSUES: OTHERS,,NA,0 = Not mentioned 1 = Mentioned,NA,NA,NA,X,,,standard,NA
ZA4414,4414,Eurobarometer 64.2,Oct-Nov,2005,v244,QA30,QA30 IMPORTANT ISSUES: DK,,NA,0 = Not mentioned 1 = Mentioned,NA,NA,NA,X,,,standard,NA
ZA4414,4414,Eurobarometer 64.2,Oct-Nov,2005,v7,v7,NATION - ALL SAMPLES ISO 3166,,isocntry, = BE  = DK  = GR  = ES  = FI  = FR  = IE  = IT  = LU  = NL  = AT  = PT  = SE  = DE-W  = DE-E  = GB-GBN  = GB-NIR  = BG  = CY  = CZ  = EE  = HU  = LV  = LT  = MT  = PL  = RO  = SK  = SI  = TR  = HR  = CY-TCC,NA,NA,NA,X,,,standard,NA
ZA4506,4506,Eurobarometer 65.2,Mar-May,2006,v7,v7,NATION - ALL SAMPLES ISO 3166,,isocntry, = BE  = DK  = GR  = ES  = FI  = FR  = IE  = IT  = LU  = NL  = AT  = PT  = SE  = DE-W  = DE-E  = GB-GBN  = GB-NIR  = BG  = CY  = CZ  = EE  = HU  = LV  = LT  = MT  = PL  = RO  = SK  = SI  = TR  = HR  = CY-TCC,NA,NA,NA,X,,,standard,NA
ZA4506,4506,Eurobarometer 65.2,Mar-May,2006,v3435,split,"SPLIT (QA28, QA35, QD9-QD11, QF2)",,split,1 = Questionnaire Version A 2 = Questionnaire Version B,NA,NA,NA,X,,,standard,NA
ZA4506,4506,Eurobarometer 65.2,Mar-May,2006,v3043,QA28A,QA28A IMPORTANT ISSUES: ENVIRONMENT PROTECT (A),,NA,0 = Not mentioned 1 = Mentioned 9 = Inap. (Split Ballot B),NA,NA,NA,X,,,standard,NA
ZA4506,4506,Eurobarometer 65.2,Mar-May,2006,v3044,QA28A,QA28A IMPORTANT ISSUES: OTHERS (A),,NA,0 = Not mentioned 1 = Mentioned 9 = Inap. (Split Ballot B),NA,NA,NA,X,,,standard,NA
ZA4506,4506,Eurobarometer 65.2,Mar-May,2006,v3045,QA28A,QA28A IMPORTANT ISSUES: DK (A),,NA,0 = Not mentioned 1 = Mentioned 9 = Inap. (Split Ballot B),NA,NA,NA,X,,,standard,NA
ZA4506,4506,Eurobarometer 65.2,Mar-May,2006,v3046,QA28B,QA28B IMPORTANT ISSUES: CRIME (B),,NA,0 = Not mentioned 1 = Mentioned 9 = Inap. (Split Ballot A),NA,NA,NA,X,,,standard,NA
ZA4506,4506,Eurobarometer 65.2,Mar-May,2006,v3047,QA28B,QA28B IMPORTANT ISSUES: PUBLIC TRANSPORT (B),,NA,0 = Not mentioned 1 = Mentioned 9 = Inap. (Split Ballot A),NA,NA,NA,X,,,standard,NA
ZA4506,4506,Eurobarometer 65.2,Mar-May,2006,v3048,QA28B,QA28B IMPORTANT ISSUES: ECONOMIC SITUATION (B),,NA,0 = Not mentioned 1 = Mentioned 9 = Inap. (Split Ballot A),NA,NA,NA,X,,,standard,NA
ZA4506,4506,Eurobarometer 65.2,Mar-May,2006,v3049,QA28B,QA28B IMPORTANT ISSUES: RISING PRICES/INFLA (B),,NA,0 = Not mentioned 1 = Mentioned 9 = Inap. (Split Ballot A),NA,NA,NA,X,,,standard,NA
ZA4506,4506,Eurobarometer 65.2,Mar-May,2006,v3050,QA28B,QA28B IMPORTANT ISSUES: TAXATION (B),,NA,0 = Not mentioned 1 = Mentioned 9 = Inap. (Split Ballot A),NA,NA,NA,X,,,standard,NA
ZA4506,4506,Eurobarometer 65.2,Mar-May,2006,v3051,QA28B,QA28B IMPORTANT ISSUES: UNEMPLOYMENT (B),,NA,0 = Not mentioned 1 = Mentioned 9 = Inap. (Split Ballot A),NA,NA,NA,X,,,standard,NA
ZA4506,4506,Eurobarometer 65.2,Mar-May,2006,v3052,QA28B,QA28B IMPORTANT ISSUES: TERRORISM (B),,NA,0 = Not mentioned 1 = Mentioned 9 = Inap. (Split Ballot A),NA,NA,NA,X,,,standard,NA
ZA4506,4506,Eurobarometer 65.2,Mar-May,2006,v3053,QA28B,QA28B IMPORTANT ISSUES: DEFENCE/FOREIGN AFF (B),,NA,0 = Not mentioned 1 = Mentioned 9 = Inap. (Split Ballot A),NA,NA,NA,X,,,standard,NA
ZA4506,4506,Eurobarometer 65.2,Mar-May,2006,v3054,QA28B,QA28B IMPORTANT ISSUES: HOUSING (B),,NA,0 = Not mentioned 1 = Mentioned 9 = Inap. (Split Ballot A),NA,NA,NA,X,,,standard,NA
ZA4506,4506,Eurobarometer 65.2,Mar-May,2006,v3055,QA28B,QA28B IMPORTANT ISSUES: IMMIGRATION (B),,NA,0 = Not mentioned 1 = Mentioned 9 = Inap. (Split Ballot A),NA,NA,NA,X,,,standard,NA
ZA4506,4506,Eurobarometer 65.2,Mar-May,2006,v3056,QA28B,QA28B IMPORTANT ISSUES: HEALTHCARE SYSTEM (B),,NA,0 = Not mentioned 1 = Mentioned 9 = Inap. (Split Ballot A),NA,NA,NA,X,,,standard,NA
ZA4506,4506,Eurobarometer 65.2,Mar-May,2006,v3057,QA28B,QA28B IMPORTANT ISSUES: EDUCATIONAL SYSTEM (B),,NA,0 = Not mentioned 1 = Mentioned 9 = Inap. (Split Ballot A),NA,NA,NA,X,,,standard,NA
ZA4506,4506,Eurobarometer 65.2,Mar-May,2006,v3058,QA28B,QA28B IMPORTANT ISSUES: PENSIONS (B),,NA,0 = Not mentioned 1 = Mentioned 9 = Inap. (Split Ballot A),NA,NA,NA,X,,,standard,NA
ZA4506,4506,Eurobarometer 65.2,Mar-May,2006,v3059,QA28B,QA28B IMPORTANT ISSUES: ENVIRONMENT PROTECT (B),,NA,0 = Not mentioned 1 = Mentioned 9 = Inap. (Split Ballot A),NA,NA,NA,X,,,standard,NA
ZA4506,4506,Eurobarometer 65.2,Mar-May,2006,v3060,QA28B,QA28B IMPORTANT ISSUES: OTHERS (B),,NA,0 = Not mentioned 1 = Mentioned 9 = Inap. (Split Ballot A),NA,NA,NA,X,,,standard,NA
ZA4506,4506,Eurobarometer 65.2,Mar-May,2006,v3061,QA28B,QA28B IMPORTANT ISSUES: DK (B),,NA,0 = Not mentioned 1 = Mentioned 9 = Inap. (Split Ballot A),NA,NA,NA,X,,,standard,NA
ZA4506,4506,Eurobarometer 65.2,Mar-May,2006,v3030,QA28A,QA28A IMPORTANT ISSUES: CRIME (A),,NA,0 = Not mentioned 1 = Mentioned 9 = Inap. (Split Ballot B),NA,NA,NA,X,,,standard,NA
ZA4506,4506,Eurobarometer 65.2,Mar-May,2006,v3031,QA28A,QA28A IMPORTANT ISSUES: PUBLIC TRANSPORT (A),,NA,0 = Not mentioned 1 = Mentioned 9 = Inap. (Split Ballot B),NA,NA,NA,X,,,standard,NA
ZA4506,4506,Eurobarometer 65.2,Mar-May,2006,v3032,QA28A,QA28A IMPORTANT ISSUES: ECONOMIC SITUATION (A),,NA,0 = Not mentioned 1 = Mentioned 9 = Inap. (Split Ballot B),NA,NA,NA,X,,,standard,NA
ZA4506,4506,Eurobarometer 65.2,Mar-May,2006,v3033,QA28A,QA28A IMPORTANT ISSUES: RISING PRICES/INFLA (A),,NA,0 = Not mentioned 1 = Mentioned 9 = Inap. (Split Ballot B),NA,NA,NA,X,,,standard,NA
ZA4506,4506,Eurobarometer 65.2,Mar-May,2006,v3034,QA28A,QA28A IMPORTANT ISSUES: TAXATION (A),,NA,0 = Not mentioned 1 = Mentioned 9 = Inap. (Split Ballot B),NA,NA,NA,X,,,standard,NA
ZA4506,4506,Eurobarometer 65.2,Mar-May,2006,v3035,QA28A,QA28A IMPORTANT ISSUES: UNEMPLOYMENT (A),,NA,0 = Not mentioned 1 = Mentioned 9 = Inap. (Split Ballot B),NA,NA,NA,X,,,standard,NA
ZA4506,4506,Eurobarometer 65.2,Mar-May,2006,v3036,QA28A,QA28A IMPORTANT ISSUES: TERRORISM (A),,NA,0 = Not mentioned 1 = Mentioned 9 = Inap. (Split Ballot B),NA,NA,NA,X,,,standard,NA
ZA4506,4506,Eurobarometer 65.2,Mar-May,2006,v3037,QA28A,QA28A IMPORTANT ISSUES: DEFENCE/FOREIGN AFF (A),,NA,0 = Not mentioned 1 = Mentioned 9 = Inap. (Split Ballot B),NA,NA,NA,X,,,standard,NA
ZA4506,4506,Eurobarometer 65.2,Mar-May,2006,v3038,QA28A,QA28A IMPORTANT ISSUES: HOUSING (A),,NA,0 = Not mentioned 1 = Mentioned 9 = Inap. (Split Ballot B),NA,NA,NA,X,,,standard,NA
ZA4506,4506,Eurobarometer 65.2,Mar-May,2006,v3039,QA28A,QA28A IMPORTANT ISSUES: IMMIGRATION (A),,NA,0 = Not mentioned 1 = Mentioned 9 = Inap. (Split Ballot B),NA,NA,NA,X,,,standard,NA
ZA4506,4506,Eurobarometer 65.2,Mar-May,2006,v3040,QA28A,QA28A IMPORTANT ISSUES: HEALTHCARE SYSTEM (A),,NA,0 = Not mentioned 1 = Mentioned 9 = Inap. (Split Ballot B),NA,NA,NA,X,,,standard,NA
ZA4506,4506,Eurobarometer 65.2,Mar-May,2006,v3041,QA28A,QA28A IMPORTANT ISSUES: EDUCATIONAL SYSTEM (A),,NA,0 = Not mentioned 1 = Mentioned 9 = Inap. (Split Ballot B),NA,NA,NA,X,,,standard,NA
ZA4506,4506,Eurobarometer 65.2,Mar-May,2006,v3042,QA28A,QA28A IMPORTANT ISSUES: PENSIONS (A),,NA,0 = Not mentioned 1 = Mentioned 9 = Inap. (Split Ballot B),NA,NA,NA,X,,,standard,NA
ZA4507,4507,65.3,5 Jun,2006,v7,v7,NATION - ALL SAMPLES ISO 3166,,isocntry, = BE  = DK  = GR  = ES  = FI  = FR  = IE  = IT  = LU  = NL  = AT  = PT  = SE  = DE-W  = DE-E  = GB-GBN  = GB-NIR  = BG  = CY  = CZ  = EE  = HU  = LV  = LT  = MT  = PL  = RO  = SK  = SI  = TR  = HR  = CY-TCC,NA,NA,NA,NA,NA,NA,NA,NA
ZA4507,4507,65.3,5 Jun,2006,v453,QD1,QD1 IMPORTANT NAT ISSUES: CRIME,,NA,0 = Not mentioned 1 = Mentioned 9 = Inap. (29 to 33 in V6),NA,NA,NA,NA,NA,NA,NA,NA
ZA4507,4507,65.3,5 Jun,2006,v454,QD1,QD1 IMPORTANT NAT ISSUES: PUBLIC TRANSPORT,,NA,0 = Not mentioned 1 = Mentioned 9 = Inap. (29 to 33 in V6),NA,NA,NA,NA,NA,NA,NA,NA
ZA4507,4507,65.3,5 Jun,2006,v455,QD1,QD1 IMPORTANT NAT ISSUES: ECONOMIC SITUATION,,NA,0 = Not mentioned 1 = Mentioned 9 = Inap. (29 to 33 in V6),NA,NA,NA,NA,NA,NA,NA,NA
ZA4507,4507,65.3,5 Jun,2006,v456,QD1,QD1 IMPORTANT NAT ISSUES: RISING PRICES,,NA,0 = Not mentioned 1 = Mentioned 9 = Inap. (29 to 33 in V6),NA,NA,NA,NA,NA,NA,NA,NA
ZA4507,4507,65.3,5 Jun,2006,v457,QD1,QD1 IMPORTANT NAT ISSUES: TAXATION,,NA,0 = Not mentioned 1 = Mentioned 9 = Inap. (29 to 33 in V6),NA,NA,NA,NA,NA,NA,NA,NA
ZA4507,4507,65.3,5 Jun,2006,v458,QD1,QD1 IMPORTANT NAT ISSUES: UNEMPLOYMENT,,NA,0 = Not mentioned 1 = Mentioned 9 = Inap. (29 to 33 in V6),NA,NA,NA,NA,NA,NA,NA,NA
ZA4507,4507,65.3,5 Jun,2006,v459,QD1,QD1 IMPORTANT NAT ISSUES: TERRORISM,,NA,0 = Not mentioned 1 = Mentioned 9 = Inap. (29 to 33 in V6),NA,NA,NA,NA,NA,NA,NA,NA
ZA4507,4507,65.3,5 Jun,2006,v460,QD1,QD1 IMPORTANT NAT ISSUES: DEFENCE/FOREIGN AFF,,NA,0 = Not mentioned 1 = Mentioned 9 = Inap. (29 to 33 in V6),NA,NA,NA,NA,NA,NA,NA,NA
ZA4507,4507,65.3,5 Jun,2006,v461,QD1,QD1 IMPORTANT NAT ISSUES: HOUSING,,NA,0 = Not mentioned 1 = Mentioned 9 = Inap. (29 to 33 in V6),NA,NA,NA,NA,NA,NA,NA,NA
ZA4507,4507,65.3,5 Jun,2006,v462,QD1,QD1 IMPORTANT NAT ISSUES: IMMIGRATION,,NA,0 = Not mentioned 1 = Mentioned 9 = Inap. (29 to 33 in V6),NA,NA,NA,NA,NA,NA,NA,NA
ZA4507,4507,65.3,5 Jun,2006,v463,QD1,QD1 IMPORTANT NAT ISSUES: HEALTH CARE SYTEM,,NA,0 = Not mentioned 1 = Mentioned 9 = Inap. (29 to 33 in V6),NA,NA,NA,NA,NA,NA,NA,NA
ZA4507,4507,65.3,5 Jun,2006,v464,QD1,QD1 IMPORTANT NAT ISSUES: EDUCATIONAL SYSTEM,,NA,0 = Not mentioned 1 = Mentioned 9 = Inap. (29 to 33 in V6),NA,NA,NA,NA,NA,NA,NA,NA
ZA4507,4507,65.3,5 Jun,2006,v465,QD1,QD1 IMPORTANT NAT ISSUES: PENSIONS,,NA,0 = Not mentioned 1 = Mentioned 9 = Inap. (29 to 33 in V6),NA,NA,NA,NA,NA,NA,NA,NA
ZA4507,4507,65.3,5 Jun,2006,v466,QD1,QD1 IMPORTANT NAT ISSUES: ENVIRONMENT PROTEC,,NA,0 = Not mentioned 1 = Mentioned 9 = Inap. (29 to 33 in V6),NA,NA,NA,NA,NA,NA,NA,NA
ZA4507,4507,65.3,5 Jun,2006,v467,QD1,QD1 IMPORTANT NAT ISSUES: ENERGY RELATED,,NA,0 = Not mentioned 1 = Mentioned 9 = Inap. (29 to 33 in V6),NA,NA,NA,NA,NA,NA,NA,NA
ZA4507,4507,65.3,5 Jun,2006,v468,QD1,QD1 IMPORTANT NAT ISSUES: OTHER,,NA,0 = Not mentioned 1 = Mentioned 9 = Inap. (29 to 33 in V6),NA,NA,NA,NA,NA,NA,NA,NA
ZA4507,4507,65.3,5 Jun,2006,v469,QD1,QD1 IMPORTANT NAT ISSUES: DK,,NA,0 = Not mentioned 1 = Mentioned 9 = Inap. (29 to 33 in V6),NA,NA,NA,NA,NA,NA,NA,NA
ZA4526,4526,Eurobarometer 66.1,Sep-Oct,2006,v7,v7,NATION - ALL SAMPLES ISO 3166,,isocntry, = BE  = DK  = GR  = ES  = FI  = FR  = IE  = IT  = LU  = NL  = AT  = PT  = SE  = DE-W  = DE-E  = GB-GBN  = GB-NIR  = BG  = CY  = CZ  = EE  = HU  = LV  = LT  = MT  = PL  = RO  = SK  = SI  = TR  = HR  = CY-TCC,NA,NA,NA,X,,,standard,NA
ZA4526,4526,Eurobarometer 66.1,Sep-Oct,2006,v174,QA23,QA23 IMPORTANT ISSUES: CRIME,,NA,0 = Not mentioned 1 = Mentioned,NA,NA,NA,X,,,standard,NA
ZA4526,4526,Eurobarometer 66.1,Sep-Oct,2006,v175,QA23,QA23 IMPORTANT ISSUES: ECONOMIC SITUATION,,NA,0 = Not mentioned 1 = Mentioned,NA,NA,NA,X,,,standard,NA
ZA4526,4526,Eurobarometer 66.1,Sep-Oct,2006,v176,QA23,QA23 IMPORTANT ISSUES: RISING PRICES/INFLA,,NA,0 = Not mentioned 1 = Mentioned,NA,NA,NA,X,,,standard,NA
ZA4526,4526,Eurobarometer 66.1,Sep-Oct,2006,v177,QA23,QA23 IMPORTANT ISSUES: TAXATION,,NA,0 = Not mentioned 1 = Mentioned,NA,NA,NA,X,,,standard,NA
ZA4526,4526,Eurobarometer 66.1,Sep-Oct,2006,v178,QA23,QA23 IMPORTANT ISSUES: UNEMPLOYMENT,,NA,0 = Not mentioned 1 = Mentioned,NA,NA,NA,X,,,standard,NA
ZA4526,4526,Eurobarometer 66.1,Sep-Oct,2006,v179,QA23,QA23 IMPORTANT ISSUES: TERRORISM,,NA,0 = Not mentioned 1 = Mentioned,NA,NA,NA,X,,,standard,NA
ZA4526,4526,Eurobarometer 66.1,Sep-Oct,2006,v180,QA23,QA23 IMPORTANT ISSUES: DEFENCE/FOREIGN AFF,,NA,0 = Not mentioned 1 = Mentioned,NA,NA,NA,X,,,standard,NA
ZA4526,4526,Eurobarometer 66.1,Sep-Oct,2006,v181,QA23,QA23 IMPORTANT ISSUES: HOUSING,,NA,0 = Not mentioned 1 = Mentioned,NA,NA,NA,X,,,standard,NA
ZA4526,4526,Eurobarometer 66.1,Sep-Oct,2006,v182,QA23,QA23 IMPORTANT ISSUES: IMMIGRATION,,NA,0 = Not mentioned 1 = Mentioned,NA,NA,NA,X,,,standard,NA
ZA4526,4526,Eurobarometer 66.1,Sep-Oct,2006,v183,QA23,QA23 IMPORTANT ISSUES: HEALTHCARE SYSTEM,,NA,0 = Not mentioned 1 = Mentioned,NA,NA,NA,X,,,standard,NA
ZA4526,4526,Eurobarometer 66.1,Sep-Oct,2006,v184,QA23,QA23 IMPORTANT ISSUES: EDUCATIONAL SYSTEM,,NA,0 = Not mentioned 1 = Mentioned,NA,NA,NA,X,,,standard,NA
ZA4526,4526,Eurobarometer 66.1,Sep-Oct,2006,v185,QA23,QA23 IMPORTANT ISSUES: PENSIONS,,NA,0 = Not mentioned 1 = Mentioned,NA,NA,NA,X,,,standard,NA
ZA4526,4526,Eurobarometer 66.1,Sep-Oct,2006,v186,QA23,QA23 IMPORTANT ISSUES: ENVIRONMENT PROTECT,,NA,0 = Not mentioned 1 = Mentioned,NA,NA,NA,X,,,standard,NA
ZA4526,4526,Eurobarometer 66.1,Sep-Oct,2006,v187,QA23,QA23 IMPORTANT ISSUES: ENERGY,,NA,0 = Not mentioned 1 = Mentioned,NA,NA,NA,X,,,standard,NA
ZA4526,4526,Eurobarometer 66.1,Sep-Oct,2006,v188,QA23,QA23 IMPORTANT ISSUES: OTHERS,,NA,0 = Not mentioned 1 = Mentioned,NA,NA,NA,X,,,standard,NA
ZA4526,4526,Eurobarometer 66.1,Sep-Oct,2006,v189,QA23,QA23 IMPORTANT ISSUES: DK,,NA,0 = Not mentioned 1 = Mentioned,NA,NA,NA,X,,,standard,NA
ZA4528,4528,66.3,11 Dec,2006,v7,v7,NATION - ALL SAMPLES ISO 3166,,isocntry, = BE  = DK  = GR  = ES  = FI  = FR  = IE  = IT  = LU  = NL  = AT  = PT  = SE  = DE-W  = DE-E  = GB-GBN  = GB-NIR  = BG  = CY  = CZ  = EE  = HU  = LV  = LT  = MT  = PL  = RO  = SK  = SI  = TR  = HR  = CY-TCC,NA,NA,NA,NA,NA,NA,NA,NA
ZA4528,4528,66.3,11 Dec,2006,v199,QA26A,QA26A IMPORTANT ISSUES CURRENTLY: PENSIONS,,NA,0 = Not mentioned 1 = Mentioned 9 = Inap. (not 1 to 30 in V6),NA,NA,NA,NA,NA,NA,NA,NA
ZA4528,4528,66.3,11 Dec,2006,v200,QA26A,QA26A IMPORTANT ISSUES CURRENTLY: IMMIGRATION,,NA,0 = Not mentioned 1 = Mentioned 9 = Inap. (not 1 to 30 in V6),NA,NA,NA,NA,NA,NA,NA,NA
ZA4528,4528,66.3,11 Dec,2006,v201,QA26A,QA26A IMPORTANT ISSUES CURRENTLY: HEALTH CARE,,NA,0 = Not mentioned 1 = Mentioned 9 = Inap. (not 1 to 30 in V6),NA,NA,NA,NA,NA,NA,NA,NA
ZA4528,4528,66.3,11 Dec,2006,v202,QA26A,QA26A IMPORTANT ISSUES CURRENTLY: TERRORISM,,NA,0 = Not mentioned 1 = Mentioned 9 = Inap. (not 1 to 30 in V6),NA,NA,NA,NA,NA,NA,NA,NA
ZA4528,4528,66.3,11 Dec,2006,v203,QA26A,QA26A IMPORTANT ISSUES CURRENTLY: INTEGRATION,,NA,0 = Not mentioned 1 = Mentioned 9 = Inap. (not 1 to 30 in V6),NA,NA,NA,NA,NA,NA,NA,NA
ZA4528,4528,66.3,11 Dec,2006,v204,QA26A,QA26A IMPORTANT ISSUES CURRENTLY: HELPFULNESS,,NA,0 = Not mentioned 1 = Mentioned 9 = Inap. (not 1 to 30 in V6),NA,NA,NA,NA,NA,NA,NA,NA
ZA4528,4528,66.3,11 Dec,2006,v205,QA26A,QA26A IMPORTANT ISSUES CURRENTLY: LIVING COSTS,,NA,0 = Not mentioned 1 = Mentioned 9 = Inap. (not 1 to 30 in V6),NA,NA,NA,NA,NA,NA,NA,NA
ZA4528,4528,66.3,11 Dec,2006,v206,QA26A,QA26A IMPORTANT ISSUES CURRENTLY: ECONOM GROWTH,,NA,0 = Not mentioned 1 = Mentioned 9 = Inap. (not 1 to 30 in V6),NA,NA,NA,NA,NA,NA,NA,NA
ZA4528,4528,66.3,11 Dec,2006,v207,QA26A,QA26A IMPORTANT ISSUES CURRENTLY: ELDERLY CARE,,NA,0 = Not mentioned 1 = Mentioned 9 = Inap. (not 1 to 30 in V6),NA,NA,NA,NA,NA,NA,NA,NA
ZA4528,4528,66.3,11 Dec,2006,v208,QA26A,QA26A IMPORTANT ISSUES CURRENTLY: DISABLED CARE,,NA,0 = Not mentioned 1 = Mentioned 9 = Inap. (not 1 to 30 in V6),NA,NA,NA,NA,NA,NA,NA,NA
ZA4528,4528,66.3,11 Dec,2006,v209,QA26A,QA26A IMPORTANT ISSUES CURRENTLY: UNEMPLOYMENT,,NA,0 = Not mentioned 1 = Mentioned 9 = Inap. (not 1 to 30 in V6),NA,NA,NA,NA,NA,NA,NA,NA
ZA4528,4528,66.3,11 Dec,2006,v210,QA26A,QA26A IMPORTANT ISSUES CURRENTLY: CRIME,,NA,0 = Not mentioned 1 = Mentioned 9 = Inap. (not 1 to 30 in V6),NA,NA,NA,NA,NA,NA,NA,NA
ZA4528,4528,66.3,11 Dec,2006,v211,QA26A,QA26A IMPORTANT ISSUES CURRENTLY: RICH/POOR GAP,,NA,0 = Not mentioned 1 = Mentioned 9 = Inap. (not 1 to 30 in V6),NA,NA,NA,NA,NA,NA,NA,NA
ZA4528,4528,66.3,11 Dec,2006,v212,QA26A,QA26A IMPORTANT ISSUES CURRENTLY: TRANSPORT,,NA,0 = Not mentioned 1 = Mentioned 9 = Inap. (not 1 to 30 in V6),NA,NA,NA,NA,NA,NA,NA,NA
ZA4528,4528,66.3,11 Dec,2006,v213,QA26A,QA26A IMPORTANT ISSUES CURRENTLY: EDUCATION,,NA,0 = Not mentioned 1 = Mentioned 9 = Inap. (not 1 to 30 in V6),NA,NA,NA,NA,NA,NA,NA,NA
ZA4528,4528,66.3,11 Dec,2006,v214,QA26A,QA26A IMPORTANT ISSUES CURRENTLY: ENVIRONMENT,,NA,0 = Not mentioned 1 = Mentioned 9 = Inap. (not 1 to 30 in V6),NA,NA,NA,NA,NA,NA,NA,NA
ZA4528,4528,66.3,11 Dec,2006,v215,QA26A,QA26A IMPORTANT ISSUES CURRENTLY: GLOBALISATION,,NA,0 = Not mentioned 1 = Mentioned 9 = Inap. (not 1 to 30 in V6),NA,NA,NA,NA,NA,NA,NA,NA
ZA4528,4528,66.3,11 Dec,2006,v216,QA26A,QA26A IMPORTANT ISSUES CURRENTLY: NONE OF THESE,,NA,0 = Not mentioned 1 = Mentioned 9 = Inap. (not 1 to 30 in V6),NA,NA,NA,NA,NA,NA,NA,NA
ZA4528,4528,66.3,11 Dec,2006,v217,QA26A,QA26A IMPORTANT ISSUES CURRENTLY: DK,,NA,0 = Not mentioned 1 = Mentioned 9 = Inap. (not 1 to 30 in V6),NA,NA,NA,NA,NA,NA,NA,NA
ZA4528,4528,66.3,11 Dec,2006,v218,QA26B,QA26B IMPORTANT ISSUES FUTURE: PENSIONS,,NA,0 = Not mentioned 1 = Mentioned 9 = Inap. (not 1 to 30 in V6),NA,NA,NA,NA,NA,NA,NA,NA
ZA4528,4528,66.3,11 Dec,2006,v219,QA26B,QA26B IMPORTANT ISSUES FUTURE: IMMIGRATION,,NA,0 = Not mentioned 1 = Mentioned 9 = Inap. (not 1 to 30 in V6),NA,NA,NA,NA,NA,NA,NA,NA
ZA4528,4528,66.3,11 Dec,2006,v220,QA26B,QA26B IMPORTANT ISSUES FUTURE: HEALTH CARE,,NA,0 = Not mentioned 1 = Mentioned 9 = Inap. (not 1 to 30 in V6),NA,NA,NA,NA,NA,NA,NA,NA
ZA4528,4528,66.3,11 Dec,2006,v221,QA26B,QA26B IMPORTANT ISSUES FUTURE: TERRORISM,,NA,0 = Not mentioned 1 = Mentioned 9 = Inap. (not 1 to 30 in V6),NA,NA,NA,NA,NA,NA,NA,NA
ZA4528,4528,66.3,11 Dec,2006,v222,QA26B,QA26B IMPORTANT ISSUES FUTURE: INTEGRATION,,NA,0 = Not mentioned 1 = Mentioned 9 = Inap. (not 1 to 30 in V6),NA,NA,NA,NA,NA,NA,NA,NA
ZA4528,4528,66.3,11 Dec,2006,v223,QA26B,QA26B IMPORTANT ISSUES FUTURE: HELPFULNESS,,NA,0 = Not mentioned 1 = Mentioned 9 = Inap. (not 1 to 30 in V6),NA,NA,NA,NA,NA,NA,NA,NA
ZA4528,4528,66.3,11 Dec,2006,v224,QA26B,QA26B IMPORTANT ISSUES FUTURE: LIVING COSTS,,NA,0 = Not mentioned 1 = Mentioned 9 = Inap. (not 1 to 30 in V6),NA,NA,NA,NA,NA,NA,NA,NA
ZA4528,4528,66.3,11 Dec,2006,v225,QA26B,QA26B IMPORTANT ISSUES FUTURE: ECONOM GROWTH,,NA,0 = Not mentioned 1 = Mentioned 9 = Inap. (not 1 to 30 in V6),NA,NA,NA,NA,NA,NA,NA,NA
ZA4528,4528,66.3,11 Dec,2006,v226,QA26B,QA26B IMPORTANT ISSUES FUTURE: ELDERLY CARE,,NA,0 = Not mentioned 1 = Mentioned 9 = Inap. (not 1 to 30 in V6),NA,NA,NA,NA,NA,NA,NA,NA
ZA4528,4528,66.3,11 Dec,2006,v227,QA26B,QA26B IMPORTANT ISSUES FUTURE: DISABLED CARE,,NA,0 = Not mentioned 1 = Mentioned 9 = Inap. (not 1 to 30 in V6),NA,NA,NA,NA,NA,NA,NA,NA
ZA4528,4528,66.3,11 Dec,2006,v228,QA26B,QA26B IMPORTANT ISSUES FUTURE: UNEMPLOYMENT,,NA,0 = Not mentioned 1 = Mentioned 9 = Inap. (not 1 to 30 in V6),NA,NA,NA,NA,NA,NA,NA,NA
ZA4528,4528,66.3,11 Dec,2006,v229,QA26B,QA26B IMPORTANT ISSUES FUTURE: CRIME,,NA,0 = Not mentioned 1 = Mentioned 9 = Inap. (not 1 to 30 in V6),NA,NA,NA,NA,NA,NA,NA,NA
ZA4528,4528,66.3,11 Dec,2006,v230,QA26B,QA26B IMPORTANT ISSUES FUTURE: RICH/POOR GAP,,NA,0 = Not mentioned 1 = Mentioned 9 = Inap. (not 1 to 30 in V6),NA,NA,NA,NA,NA,NA,NA,NA
ZA4528,4528,66.3,11 Dec,2006,v231,QA26B,QA26B IMPORTANT ISSUES FUTURE: TRANSPORT,,NA,0 = Not mentioned 1 = Mentioned 9 = Inap. (not 1 to 30 in V6),NA,NA,NA,NA,NA,NA,NA,NA
ZA4528,4528,66.3,11 Dec,2006,v232,QA26B,QA26B IMPORTANT ISSUES FUTURE: EDUCATION,,NA,0 = Not mentioned 1 = Mentioned 9 = Inap. (not 1 to 30 in V6),NA,NA,NA,NA,NA,NA,NA,NA
ZA4528,4528,66.3,11 Dec,2006,v233,QA26B,QA26B IMPORTANT ISSUES FUTURE: ENVIRONMENT,,NA,0 = Not mentioned 1 = Mentioned 9 = Inap. (not 1 to 30 in V6),NA,NA,NA,NA,NA,NA,NA,NA
ZA4528,4528,66.3,11 Dec,2006,v234,QA26B,QA26B IMPORTANT ISSUES FUTURE: GLOBALISATION,,NA,0 = Not mentioned 1 = Mentioned 9 = Inap. (not 1 to 30 in V6),NA,NA,NA,NA,NA,NA,NA,NA
ZA4528,4528,66.3,11 Dec,2006,v235,QA26B,QA26B IMPORTANT ISSUES FUTURE: NONE OF THESE,,NA,0 = Not mentioned 1 = Mentioned 9 = Inap. (not 1 to 30 in V6),NA,NA,NA,NA,NA,NA,NA,NA
ZA4528,4528,66.3,11 Dec,2006,v236,QA26B,QA26B IMPORTANT ISSUES FUTURE: DK,,NA,0 = Not mentioned 1 = Mentioned 9 = Inap. (not 1 to 30 in V6),NA,NA,NA,NA,NA,NA,NA,NA
ZA4530,4530,Eurobarometer 67.2,Apr-May,2007,v7,v7,NATION - ALL SAMPLES ISO 3166,,isocntry, = BE  = DK  = GR  = ES  = FI  = FR  = IE  = IT  = LU  = NL  = AT  = PT  = SE  = DE-W  = DE-E  = GB-GBN  = GB-NIR  = BG  = CY  = CZ  = EE  = HU  = LV  = LT  = MT  = PL  = RO  = SK  = SI  = TR  = HR  = MK  = CY-TCC,NA,NA,NA,X,,,standard,NA
ZA4530,4530,Eurobarometer 67.2,Apr-May,2007,v169,QA18A,QA18A IMPORTANT ISSUES: CRIME,,NA,0 = Not mentioned 1 = Mentioned 9 = Inap. (33 in V6),NA,NA,NA,X,,,standard,NA
ZA4530,4530,Eurobarometer 67.2,Apr-May,2007,v170,QA18A,QA18A IMPORTANT ISSUES: ECONOMIC SITUATION,,NA,0 = Not mentioned 1 = Mentioned 9 = Inap. (33 in V6),NA,NA,NA,X,,,standard,NA
ZA4530,4530,Eurobarometer 67.2,Apr-May,2007,v171,QA18A,QA18A IMPORTANT ISSUES: RISING PRICES/INFLA,,NA,0 = Not mentioned 1 = Mentioned 9 = Inap. (33 in V6),NA,NA,NA,X,,,standard,NA
ZA4530,4530,Eurobarometer 67.2,Apr-May,2007,v172,QA18A,QA18A IMPORTANT ISSUES: TAXATION,,NA,0 = Not mentioned 1 = Mentioned 9 = Inap. (33 in V6),NA,NA,NA,X,,,standard,NA
ZA4530,4530,Eurobarometer 67.2,Apr-May,2007,v173,QA18A,QA18A IMPORTANT ISSUES: UNEMPLOYMENT,,NA,0 = Not mentioned 1 = Mentioned 9 = Inap. (33 in V6),NA,NA,NA,X,,,standard,NA
ZA4530,4530,Eurobarometer 67.2,Apr-May,2007,v174,QA18A,QA18A IMPORTANT ISSUES: TERRORISM,,NA,0 = Not mentioned 1 = Mentioned 9 = Inap. (33 in V6),NA,NA,NA,X,,,standard,NA
ZA4530,4530,Eurobarometer 67.2,Apr-May,2007,v175,QA18A,QA18A IMPORTANT ISSUES: DEFENCE/FOREIGN AFF,,NA,0 = Not mentioned 1 = Mentioned 9 = Inap. (33 in V6),NA,NA,NA,X,,,standard,NA
ZA4530,4530,Eurobarometer 67.2,Apr-May,2007,v176,QA18A,QA18A IMPORTANT ISSUES: HOUSING,,NA,0 = Not mentioned 1 = Mentioned 9 = Inap. (33 in V6),NA,NA,NA,X,,,standard,NA
ZA4530,4530,Eurobarometer 67.2,Apr-May,2007,v177,QA18A,QA18A IMPORTANT ISSUES: IMMIGRATION,,NA,0 = Not mentioned 1 = Mentioned 9 = Inap. (33 in V6),NA,NA,NA,X,,,standard,NA
ZA4530,4530,Eurobarometer 67.2,Apr-May,2007,v178,QA18A,QA18A IMPORTANT ISSUES: HEALTHCARE SYSTEM,,NA,0 = Not mentioned 1 = Mentioned 9 = Inap. (33 in V6),NA,NA,NA,X,,,standard,NA
ZA4530,4530,Eurobarometer 67.2,Apr-May,2007,v179,QA18A,QA18A IMPORTANT ISSUES: EDUCATIONAL SYSTEM,,NA,0 = Not mentioned 1 = Mentioned 9 = Inap. (33 in V6),NA,NA,NA,X,,,standard,NA
ZA4530,4530,Eurobarometer 67.2,Apr-May,2007,v180,QA18A,QA18A IMPORTANT ISSUES: PENSIONS,,NA,0 = Not mentioned 1 = Mentioned 9 = Inap. (33 in V6),NA,NA,NA,X,,,standard,NA
ZA4530,4530,Eurobarometer 67.2,Apr-May,2007,v181,QA18A,QA18A IMPORTANT ISSUES: ENVIRONMENT PROTECT,,NA,0 = Not mentioned 1 = Mentioned 9 = Inap. (33 in V6),NA,NA,NA,X,,,standard,NA
ZA4530,4530,Eurobarometer 67.2,Apr-May,2007,v182,QA18A,QA18A IMPORTANT ISSUES: ENERGY,,NA,0 = Not mentioned 1 = Mentioned 9 = Inap. (33 in V6),NA,NA,NA,X,,,standard,NA
ZA4530,4530,Eurobarometer 67.2,Apr-May,2007,v183,QA18A,QA18A IMPORTANT ISSUES: OTHERS,,NA,0 = Not mentioned 1 = Mentioned 9 = Inap. (33 in V6),NA,NA,NA,X,,,standard,NA
ZA4530,4530,Eurobarometer 67.2,Apr-May,2007,v184,QA18A,QA18A IMPORTANT ISSUES: DK,,NA,0 = Not mentioned 1 = Mentioned 9 = Inap. (33 in V6),NA,NA,NA,X,,,standard,NA
ZA4530,4530,Eurobarometer 67.2,Apr-May,2007,v185,QA18B,QA18B IMPORTANT ISSUES TCC: CRIME,,NA,0 = Not mentioned 1 = Mentioned 9 = Inap. (not 33 in V6),NA,NA,NA,X,,,standard,NA
ZA4530,4530,Eurobarometer 67.2,Apr-May,2007,v186,QA18B,QA18B IMPORTANT ISSUES TCC: ECONOMIC SITUATION,,NA,0 = Not mentioned 1 = Mentioned 9 = Inap. (not 33 in V6),NA,NA,NA,X,,,standard,NA
ZA4530,4530,Eurobarometer 67.2,Apr-May,2007,v187,QA18B,QA18B IMPORTANT ISSUES TCC: RISING PRICES/INFLA,,NA,0 = Not mentioned 1 = Mentioned 9 = Inap. (not 33 in V6),NA,NA,NA,X,,,standard,NA
ZA4530,4530,Eurobarometer 67.2,Apr-May,2007,v188,QA18B,QA18B IMPORTANT ISSUES TCC: TAXATION,,NA,0 = Not mentioned 1 = Mentioned 9 = Inap. (not 33 in V6),NA,NA,NA,X,,,standard,NA
ZA4530,4530,Eurobarometer 67.2,Apr-May,2007,v189,QA18B,QA18B IMPORTANT ISSUES TCC: UNEMPLOYMENT,,NA,0 = Not mentioned 1 = Mentioned 9 = Inap. (not 33 in V6),NA,NA,NA,X,,,standard,NA
ZA4530,4530,Eurobarometer 67.2,Apr-May,2007,v190,QA18B,QA18B IMPORTANT ISSUES TCC: TERRORISM,,NA,0 = Not mentioned 1 = Mentioned 9 = Inap. (not 33 in V6),NA,NA,NA,X,,,standard,NA
ZA4530,4530,Eurobarometer 67.2,Apr-May,2007,v191,QA18B,QA18B IMPORTANT ISSUES TCC: DEFENCE/FOREIGN AFF,,NA,0 = Not mentioned 1 = Mentioned 9 = Inap. (not 33 in V6),NA,NA,NA,X,,,standard,NA
ZA4530,4530,Eurobarometer 67.2,Apr-May,2007,v192,QA18B,QA18B IMPORTANT ISSUES TCC: HOUSING,,NA,0 = Not mentioned 1 = Mentioned 9 = Inap. (not 33 in V6),NA,NA,NA,X,,,standard,NA
ZA4530,4530,Eurobarometer 67.2,Apr-May,2007,v193,QA18B,QA18B IMPORTANT ISSUES TCC: IMMIGRATION,,NA,0 = Not mentioned 1 = Mentioned 9 = Inap. (not 33 in V6),NA,NA,NA,X,,,standard,NA
ZA4530,4530,Eurobarometer 67.2,Apr-May,2007,v194,QA18B,QA18B IMPORTANT ISSUES TCC: HEALTHCARE SYSTEM,,NA,0 = Not mentioned 1 = Mentioned 9 = Inap. (not 33 in V6),NA,NA,NA,X,,,standard,NA
ZA4530,4530,Eurobarometer 67.2,Apr-May,2007,v195,QA18B,QA18B IMPORTANT ISSUES TCC: EDUCATIONAL SYSTEM,,NA,0 = Not mentioned 1 = Mentioned 9 = Inap. (not 33 in V6),NA,NA,NA,X,,,standard,NA
ZA4530,4530,Eurobarometer 67.2,Apr-May,2007,v196,QA18B,QA18B IMPORTANT ISSUES TCC: PENSIONS,,NA,0 = Not mentioned 1 = Mentioned 9 = Inap. (not 33 in V6),NA,NA,NA,X,,,standard,NA
ZA4530,4530,Eurobarometer 67.2,Apr-May,2007,v197,QA18B,QA18B IMPORTANT ISSUES TCC: ENVIRONMENT PROTECT,,NA,0 = Not mentioned 1 = Mentioned 9 = Inap. (not 33 in V6),NA,NA,NA,X,,,standard,NA
ZA4530,4530,Eurobarometer 67.2,Apr-May,2007,v198,QA18B,QA18B IMPORTANT ISSUES TCC: ENERGY,,NA,0 = Not mentioned 1 = Mentioned 9 = Inap. (not 33 in V6),NA,NA,NA,X,,,standard,NA
ZA4530,4530,Eurobarometer 67.2,Apr-May,2007,v199,QA18B,QA18B IMPORTANT ISSUES TCC: OTHERS,,NA,0 = Not mentioned 1 = Mentioned 9 = Inap. (not 33 in V6),NA,NA,NA,X,,,standard,NA
ZA4530,4530,Eurobarometer 67.2,Apr-May,2007,v200,QA18B,QA18B IMPORTANT ISSUES TCC: DK,,NA,0 = Not mentioned 1 = Mentioned 9 = Inap. (not 33 in V6),NA,NA,NA,X,,,standard,NA
ZA4565,4565,Eurobarometer 68.1,Sep-Nov,2007,v7,v7,NATION - ALL SAMPLES ISO 3166,,isocntry, = BE  = DK  = GR  = ES  = FI  = FR  = IE  = IT  = LU  = NL  = AT  = PT  = SE  = DE-W  = DE-E  = GB-GBN  = GB-NIR  = BG  = CY  = CZ  = EE  = HU  = LV  = LT  = MT  = PL  = RO  = SK  = SI  = TR  = HR  = CY-TCC  = MK,NA,NA,NA,X,,,standard,NA
ZA4565,4565,Eurobarometer 68.1,Sep-Nov,2007,v105,QA6A,QA6A IMPORTANT ISSUES: CRIME,,NA,0 = Not mentioned 1 = Mentioned 9 = Inap. (33 in V6),NA,NA,NA,X,,,standard,NA
ZA4565,4565,Eurobarometer 68.1,Sep-Nov,2007,v106,QA6A,QA6A IMPORTANT ISSUES: ECONOMIC SITUATION,,NA,0 = Not mentioned 1 = Mentioned 9 = Inap. (33 in V6),NA,NA,NA,X,,,standard,NA
ZA4565,4565,Eurobarometer 68.1,Sep-Nov,2007,v107,QA6A,QA6A IMPORTANT ISSUES: RISING PRICES/INFLA,,NA,0 = Not mentioned 1 = Mentioned 9 = Inap. (33 in V6),NA,NA,NA,X,,,standard,NA
ZA4565,4565,Eurobarometer 68.1,Sep-Nov,2007,v108,QA6A,QA6A IMPORTANT ISSUES: TAXATION,,NA,0 = Not mentioned 1 = Mentioned 9 = Inap. (33 in V6),NA,NA,NA,X,,,standard,NA
ZA4565,4565,Eurobarometer 68.1,Sep-Nov,2007,v109,QA6A,QA6A IMPORTANT ISSUES: UNEMPLOYMENT,,NA,0 = Not mentioned 1 = Mentioned 9 = Inap. (33 in V6),NA,NA,NA,X,,,standard,NA
ZA4565,4565,Eurobarometer 68.1,Sep-Nov,2007,v110,QA6A,QA6A IMPORTANT ISSUES: TERRORISM,,NA,0 = Not mentioned 1 = Mentioned 9 = Inap. (33 in V6),NA,NA,NA,X,,,standard,NA
ZA4565,4565,Eurobarometer 68.1,Sep-Nov,2007,v111,QA6A,QA6A IMPORTANT ISSUES: DEFENCE/FOREIGN AFF,,NA,0 = Not mentioned 1 = Mentioned 9 = Inap. (33 in V6),NA,NA,NA,X,,,standard,NA
ZA4565,4565,Eurobarometer 68.1,Sep-Nov,2007,v112,QA6A,QA6A IMPORTANT ISSUES: HOUSING,,NA,0 = Not mentioned 1 = Mentioned 9 = Inap. (33 in V6),NA,NA,NA,X,,,standard,NA
ZA4565,4565,Eurobarometer 68.1,Sep-Nov,2007,v113,QA6A,QA6A IMPORTANT ISSUES: IMMIGRATION,,NA,0 = Not mentioned 1 = Mentioned 9 = Inap. (33 in V6),NA,NA,NA,X,,,standard,NA
ZA4565,4565,Eurobarometer 68.1,Sep-Nov,2007,v114,QA6A,QA6A IMPORTANT ISSUES: HEALTHCARE SYSTEM,,NA,0 = Not mentioned 1 = Mentioned 9 = Inap. (33 in V6),NA,NA,NA,X,,,standard,NA
ZA4565,4565,Eurobarometer 68.1,Sep-Nov,2007,v115,QA6A,QA6A IMPORTANT ISSUES: EDUCATIONAL SYSTEM,,NA,0 = Not mentioned 1 = Mentioned 9 = Inap. (33 in V6),NA,NA,NA,X,,,standard,NA
ZA4565,4565,Eurobarometer 68.1,Sep-Nov,2007,v116,QA6A,QA6A IMPORTANT ISSUES: PENSIONS,,NA,0 = Not mentioned 1 = Mentioned 9 = Inap. (33 in V6),NA,NA,NA,X,,,standard,NA
ZA4565,4565,Eurobarometer 68.1,Sep-Nov,2007,v117,QA6A,QA6A IMPORTANT ISSUES: ENVIRONMENT PROTECT,,NA,0 = Not mentioned 1 = Mentioned 9 = Inap. (33 in V6),NA,NA,NA,X,,,standard,NA
ZA4565,4565,Eurobarometer 68.1,Sep-Nov,2007,v118,QA6A,QA6A IMPORTANT ISSUES: ENERGY,,NA,0 = Not mentioned 1 = Mentioned 9 = Inap. (33 in V6),NA,NA,NA,X,,,standard,NA
ZA4565,4565,Eurobarometer 68.1,Sep-Nov,2007,v119,QA6A,QA6A IMPORTANT ISSUES: OTHERS,,NA,0 = Not mentioned 1 = Mentioned 9 = Inap. (33 in V6),NA,NA,NA,X,,,standard,NA
ZA4565,4565,Eurobarometer 68.1,Sep-Nov,2007,v120,QA6A,QA6A IMPORTANT ISSUES: DK,,NA,0 = Not mentioned 1 = Mentioned 9 = Inap. (33 in V6),NA,NA,NA,X,,,standard,NA
ZA4565,4565,Eurobarometer 68.1,Sep-Nov,2007,v121,QA6B,QA6B IMPORTANT ISSUES CY-TCC: CRIME,,NA,0 = Not mentioned 1 = Mentioned 9 = Inap. (not 33 in V6),NA,NA,NA,X,,,standard,NA
ZA4565,4565,Eurobarometer 68.1,Sep-Nov,2007,v122,QA6B,QA6B IMPORTANT ISSUES CY-TCC: ECONOMIC SITUATION,,NA,0 = Not mentioned 1 = Mentioned 9 = Inap. (not 33 in V6),NA,NA,NA,X,,,standard,NA
ZA4565,4565,Eurobarometer 68.1,Sep-Nov,2007,v123,QA6B,QA6B IMPORTANT ISSUES CY-TCC: RISING PRICES/INFLA,,NA,0 = Not mentioned 1 = Mentioned 9 = Inap. (not 33 in V6),NA,NA,NA,X,,,standard,NA
ZA4565,4565,Eurobarometer 68.1,Sep-Nov,2007,v124,QA6B,QA6B IMPORTANT ISSUES CY-TCC: TAXATION,,NA,0 = Not mentioned 1 = Mentioned 9 = Inap. (not 33 in V6),NA,NA,NA,X,,,standard,NA
ZA4565,4565,Eurobarometer 68.1,Sep-Nov,2007,v125,QA6B,QA6B IMPORTANT ISSUES CY-TCC: UNEMPLOYMENT,,NA,0 = Not mentioned 1 = Mentioned 9 = Inap. (not 33 in V6),NA,NA,NA,X,,,standard,NA
ZA4565,4565,Eurobarometer 68.1,Sep-Nov,2007,v126,QA6B,QA6B IMPORTANT ISSUES CY-TCC: TERRORISM,,NA,0 = Not mentioned 1 = Mentioned 9 = Inap. (not 33 in V6),NA,NA,NA,X,,,standard,NA
ZA4565,4565,Eurobarometer 68.1,Sep-Nov,2007,v127,QA6B,QA6B IMPORTANT ISSUES CY-TCC: CYPRUS ISSUE,,NA,0 = Not mentioned 1 = Mentioned 9 = Inap. (not 33 in V6),NA,NA,NA,X,,,standard,NA
ZA4565,4565,Eurobarometer 68.1,Sep-Nov,2007,v128,QA6B,QA6B IMPORTANT ISSUES CY-TCC: HOUSING,,NA,0 = Not mentioned 1 = Mentioned 9 = Inap. (not 33 in V6),NA,NA,NA,X,,,standard,NA
ZA4565,4565,Eurobarometer 68.1,Sep-Nov,2007,v129,QA6B,QA6B IMPORTANT ISSUES CY-TCC: IMMIGRATION,,NA,0 = Not mentioned 1 = Mentioned 9 = Inap. (not 33 in V6),NA,NA,NA,X,,,standard,NA
ZA4565,4565,Eurobarometer 68.1,Sep-Nov,2007,v130,QA6B,QA6B IMPORTANT ISSUES CY-TCC: HEALTHCARE SYSTEM,,NA,0 = Not mentioned 1 = Mentioned 9 = Inap. (not 33 in V6),NA,NA,NA,X,,,standard,NA
ZA4565,4565,Eurobarometer 68.1,Sep-Nov,2007,v131,QA6B,QA6B IMPORTANT ISSUES CY-TCC: EDUCATIONAL SYSTEM,,NA,0 = Not mentioned 1 = Mentioned 9 = Inap. (not 33 in V6),NA,NA,NA,X,,,standard,NA
ZA4565,4565,Eurobarometer 68.1,Sep-Nov,2007,v132,QA6B,QA6B IMPORTANT ISSUES CY-TCC: PENSIONS,,NA,0 = Not mentioned 1 = Mentioned 9 = Inap. (not 33 in V6),NA,NA,NA,X,,,standard,NA
ZA4565,4565,Eurobarometer 68.1,Sep-Nov,2007,v133,QA6B,QA6B IMPORTANT ISSUES CY-TCC: ENVIRONMENT PROTECT,,NA,0 = Not mentioned 1 = Mentioned 9 = Inap. (not 33 in V6),NA,NA,NA,X,,,standard,NA
ZA4565,4565,Eurobarometer 68.1,Sep-Nov,2007,v134,QA6B,QA6B IMPORTANT ISSUES CY-TCC: ENERGY,,NA,0 = Not mentioned 1 = Mentioned 9 = Inap. (not 33 in V6),NA,NA,NA,X,,,standard,NA
ZA4565,4565,Eurobarometer 68.1,Sep-Nov,2007,v135,QA6B,QA6B IMPORTANT ISSUES CY-TCC: OTHERS,,NA,0 = Not mentioned 1 = Mentioned 9 = Inap. (not 33 in V6),NA,NA,NA,X,,,standard,NA
ZA4565,4565,Eurobarometer 68.1,Sep-Nov,2007,v136,QA6B,QA6B IMPORTANT ISSUES CY-TCC: DK,,NA,0 = Not mentioned 1 = Mentioned 9 = Inap. (not 33 in V6),NA,NA,NA,X,,,standard,NA
ZA4744,4744,Eurobarometer 69.2,Mar-May,2008,v7,v7,NATION - ALL SAMPLES ISO 3166,,isocntry, = BE  = DK  = GR  = ES  = FI  = FR  = IE  = IT  = LU  = NL  = AT  = PT  = SE  = DE-W  = DE-E  = GB-GBN  = GB-NIR  = BG  = CY  = CZ  = EE  = HU  = LV  = LT  = MT  = PL  = RO  = SK  = SI  = TR  = HR  = CY-TCC  = MK,NA,NA,NA,X,,,standard,NA
ZA4744,4744,Eurobarometer 69.2,Mar-May,2008,v111,QA6A,QA6A IMPORTANT ISSUES: CRIME,,NA,0 = Not mentioned 1 = Mentioned 9 = Inap. (33 in V6),NA,NA,NA,X,,,standard,NA
ZA4744,4744,Eurobarometer 69.2,Mar-May,2008,v112,QA6A,QA6A IMPORTANT ISSUES: ECONOMIC SITUATION,,NA,0 = Not mentioned 1 = Mentioned 9 = Inap. (33 in V6),NA,NA,NA,X,,,standard,NA
ZA4744,4744,Eurobarometer 69.2,Mar-May,2008,v113,QA6A,QA6A IMPORTANT ISSUES: RISING PRICES/INFLA,,NA,0 = Not mentioned 1 = Mentioned 9 = Inap. (33 in V6),NA,NA,NA,X,,,standard,NA
ZA4744,4744,Eurobarometer 69.2,Mar-May,2008,v114,QA6A,QA6A IMPORTANT ISSUES: TAXATION,,NA,0 = Not mentioned 1 = Mentioned 9 = Inap. (33 in V6),NA,NA,NA,X,,,standard,NA
ZA4744,4744,Eurobarometer 69.2,Mar-May,2008,v115,QA6A,QA6A IMPORTANT ISSUES: UNEMPLOYMENT,,NA,0 = Not mentioned 1 = Mentioned 9 = Inap. (33 in V6),NA,NA,NA,X,,,standard,NA
ZA4744,4744,Eurobarometer 69.2,Mar-May,2008,v116,QA6A,QA6A IMPORTANT ISSUES: TERRORISM,,NA,0 = Not mentioned 1 = Mentioned 9 = Inap. (33 in V6),NA,NA,NA,X,,,standard,NA
ZA4744,4744,Eurobarometer 69.2,Mar-May,2008,v117,QA6A,QA6A IMPORTANT ISSUES: DEFENCE/FOREIGN AFF,,NA,0 = Not mentioned 1 = Mentioned 9 = Inap. (33 in V6),NA,NA,NA,X,,,standard,NA
ZA4744,4744,Eurobarometer 69.2,Mar-May,2008,v118,QA6A,QA6A IMPORTANT ISSUES: HOUSING,,NA,0 = Not mentioned 1 = Mentioned 9 = Inap. (33 in V6),NA,NA,NA,X,,,standard,NA
ZA4744,4744,Eurobarometer 69.2,Mar-May,2008,v119,QA6A,QA6A IMPORTANT ISSUES: IMMIGRATION,,NA,0 = Not mentioned 1 = Mentioned 9 = Inap. (33 in V6),NA,NA,NA,X,,,standard,NA
ZA4744,4744,Eurobarometer 69.2,Mar-May,2008,v120,QA6A,QA6A IMPORTANT ISSUES: HEALTH CARE SYSTEM,,NA,0 = Not mentioned 1 = Mentioned 9 = Inap. (33 in V6),NA,NA,NA,X,,,standard,NA
ZA4744,4744,Eurobarometer 69.2,Mar-May,2008,v121,QA6A,QA6A IMPORTANT ISSUES: EDUCATIONAL SYSTEM,,NA,0 = Not mentioned 1 = Mentioned 9 = Inap. (33 in V6),NA,NA,NA,X,,,standard,NA
ZA4744,4744,Eurobarometer 69.2,Mar-May,2008,v122,QA6A,QA6A IMPORTANT ISSUES: PENSIONS,,NA,0 = Not mentioned 1 = Mentioned 9 = Inap. (33 in V6),NA,NA,NA,X,,,standard,NA
ZA4744,4744,Eurobarometer 69.2,Mar-May,2008,v123,QA6A,QA6A IMPORTANT ISSUES: ENVIRONMENT PROTECT,,NA,0 = Not mentioned 1 = Mentioned 9 = Inap. (33 in V6),NA,NA,NA,X,,,standard,NA
ZA4744,4744,Eurobarometer 69.2,Mar-May,2008,v124,QA6A,QA6A IMPORTANT ISSUES: ENERGY,,NA,0 = Not mentioned 1 = Mentioned 9 = Inap. (33 in V6),NA,NA,NA,X,,,standard,NA
ZA4744,4744,Eurobarometer 69.2,Mar-May,2008,v125,QA6A,QA6A IMPORTANT ISSUES: OTHERS,,NA,0 = Not mentioned 1 = Mentioned 9 = Inap. (33 in V6),NA,NA,NA,X,,,standard,NA
ZA4744,4744,Eurobarometer 69.2,Mar-May,2008,v126,QA6A,QA6A IMPORTANT ISSUES: DK,,NA,0 = Not mentioned 1 = Mentioned 9 = Inap. (33 in V6),NA,NA,NA,X,,,standard,NA
ZA4744,4744,Eurobarometer 69.2,Mar-May,2008,v127,QA6B,QA6B IMPORTANT ISSUES CY-TCC: CRIME,,NA,0 = Not mentioned 1 = Mentioned 9 = Inap. (not 33 in V6),NA,NA,NA,X,,,standard,NA
ZA4744,4744,Eurobarometer 69.2,Mar-May,2008,v128,QA6B,QA6B IMPORTANT ISSUES CY-TCC: ECONOMIC SITUATION,,NA,0 = Not mentioned 1 = Mentioned 9 = Inap. (not 33 in V6),NA,NA,NA,X,,,standard,NA
ZA4744,4744,Eurobarometer 69.2,Mar-May,2008,v129,QA6B,QA6B IMPORTANT ISSUES CY-TCC: RISING PRICES/INFL,,NA,0 = Not mentioned 1 = Mentioned 9 = Inap. (not 33 in V6),NA,NA,NA,X,,,standard,NA
ZA4744,4744,Eurobarometer 69.2,Mar-May,2008,v130,QA6B,QA6B IMPORTANT ISSUES CY-TCC: TAXATION,,NA,0 = Not mentioned 1 = Mentioned 9 = Inap. (not 33 in V6),NA,NA,NA,X,,,standard,NA
ZA4744,4744,Eurobarometer 69.2,Mar-May,2008,v131,QA6B,QA6B IMPORTANT ISSUES CY-TCC: UNEMPLOYMENT,,NA,0 = Not mentioned 1 = Mentioned 9 = Inap. (not 33 in V6),NA,NA,NA,X,,,standard,NA
ZA4744,4744,Eurobarometer 69.2,Mar-May,2008,v132,QA6B,QA6B IMPORTANT ISSUES CY-TCC: TERRORISM,,NA,0 = Not mentioned 1 = Mentioned 9 = Inap. (not 33 in V6),NA,NA,NA,X,,,standard,NA
ZA4744,4744,Eurobarometer 69.2,Mar-May,2008,v133,QA6B,QA6B IMPORTANT ISSUES CY-TCC: CYPRUS ISSUE,,NA,0 = Not mentioned 1 = Mentioned 9 = Inap. (not 33 in V6),NA,NA,NA,X,,,standard,NA
ZA4744,4744,Eurobarometer 69.2,Mar-May,2008,v134,QA6B,QA6B IMPORTANT ISSUES CY-TCC: HOUSING,,NA,0 = Not mentioned 1 = Mentioned 9 = Inap. (not 33 in V6),NA,NA,NA,X,,,standard,NA
ZA4744,4744,Eurobarometer 69.2,Mar-May,2008,v135,QA6B,QA6B IMPORTANT ISSUES CY-TCC: IMMIGRATION,,NA,0 = Not mentioned 1 = Mentioned 9 = Inap. (not 33 in V6),NA,NA,NA,X,,,standard,NA
ZA4744,4744,Eurobarometer 69.2,Mar-May,2008,v136,QA6B,QA6B IMPORTANT ISSUES CY-TCC: HEALTH CARE SYSTEM,,NA,0 = Not mentioned 1 = Mentioned 9 = Inap. (not 33 in V6),NA,NA,NA,X,,,standard,NA
ZA4744,4744,Eurobarometer 69.2,Mar-May,2008,v137,QA6B,QA6B IMPORTANT ISSUES CY-TCC: EDUCATIONAL SYSTEM,,NA,0 = Not mentioned 1 = Mentioned 9 = Inap. (not 33 in V6),NA,NA,NA,X,,,standard,NA
ZA4744,4744,Eurobarometer 69.2,Mar-May,2008,v138,QA6B,QA6B IMPORTANT ISSUES CY-TCC: PENSIONS,,NA,0 = Not mentioned 1 = Mentioned 9 = Inap. (not 33 in V6),NA,NA,NA,X,,,standard,NA
ZA4744,4744,Eurobarometer 69.2,Mar-May,2008,v139,QA6B,QA6B IMPORTANT ISSUES CY-TCC: ENVIRONMENT PROTEC,,NA,0 = Not mentioned 1 = Mentioned 9 = Inap. (not 33 in V6),NA,NA,NA,X,,,standard,NA
ZA4744,4744,Eurobarometer 69.2,Mar-May,2008,v140,QA6B,QA6B IMPORTANT ISSUES CY-TCC: ENERGY,,NA,0 = Not mentioned 1 = Mentioned 9 = Inap. (not 33 in V6),NA,NA,NA,X,,,standard,NA
ZA4744,4744,Eurobarometer 69.2,Mar-May,2008,v141,QA6B,QA6B IMPORTANT ISSUES CY-TCC: OTHERS,,NA,0 = Not mentioned 1 = Mentioned 9 = Inap. (not 33 in V6),NA,NA,NA,X,,,standard,NA
ZA4744,4744,Eurobarometer 69.2,Mar-May,2008,v142,QA6B,QA6B IMPORTANT ISSUES CY-TCC: DK,,NA,0 = Not mentioned 1 = Mentioned 9 = Inap. (not 33 in V6),NA,NA,NA,X,,,standard,NA
ZA4819,4819,Eurobarometer 70.1,Oct-Nov,2008,v7,v7,NATION - ALL SAMPLES ISO 3166,,isocntry, = BE  = DK  = GR  = ES  = FI  = FR  = IE  = IT  = LU  = NL  = AT  = PT  = SE  = DE-W  = DE-E  = GB-GBN  = GB-NIR  = BG  = CY  = CZ  = EE  = HU  = LV  = LT  = MT  = PL  = RO  = SK  = SI  = TR  = HR  = CY-TCC  = MK,NA,NA,NA,X,,,standard,NA
ZA4819,4819,Eurobarometer 70.1,Oct-Nov,2008,v151,QA8A,QA8A IMPORT ISSUES CTRY: CRIME,,NA,0 = Not mentioned 1 = Mentioned 9 = Inap. (33 in V6),NA,NA,NA,X,,,standard,yes
ZA4819,4819,Eurobarometer 70.1,Oct-Nov,2008,v152,QA8A,QA8A IMPORT ISSUES CTRY: ECONOMIC SITUATION,,NA,0 = Not mentioned 1 = Mentioned 9 = Inap. (33 in V6),NA,NA,NA,X,,,standard,yes
ZA4819,4819,Eurobarometer 70.1,Oct-Nov,2008,v153,QA8A,QA8A IMPORT ISSUES CTRY: RISING PRICES/INFLA,,NA,0 = Not mentioned 1 = Mentioned 9 = Inap. (33 in V6),NA,NA,NA,X,,,standard,yes
ZA4819,4819,Eurobarometer 70.1,Oct-Nov,2008,v154,QA8A,QA8A IMPORT ISSUES CTRY: TAXATION,,NA,0 = Not mentioned 1 = Mentioned 9 = Inap. (33 in V6),NA,NA,NA,X,,,standard,yes
ZA4819,4819,Eurobarometer 70.1,Oct-Nov,2008,v155,QA8A,QA8A IMPORT ISSUES CTRY: UNEMPLOYMENT,,NA,0 = Not mentioned 1 = Mentioned 9 = Inap. (33 in V6),NA,NA,NA,X,,,standard,yes
ZA4819,4819,Eurobarometer 70.1,Oct-Nov,2008,v156,QA8A,QA8A IMPORT ISSUES CTRY: TERRORISM,,NA,0 = Not mentioned 1 = Mentioned 9 = Inap. (33 in V6),NA,NA,NA,X,,,standard,yes
ZA4819,4819,Eurobarometer 70.1,Oct-Nov,2008,v157,QA8A,QA8A IMPORT ISSUES CTRY: DEFENCE/FOREIGN AFF,,NA,0 = Not mentioned 1 = Mentioned 9 = Inap. (33 in V6),NA,NA,NA,X,,,standard,yes
ZA4819,4819,Eurobarometer 70.1,Oct-Nov,2008,v158,QA8A,QA8A IMPORT ISSUES CTRY: HOUSING,,NA,0 = Not mentioned 1 = Mentioned 9 = Inap. (33 in V6),NA,NA,NA,X,,,standard,yes
ZA4819,4819,Eurobarometer 70.1,Oct-Nov,2008,v159,QA8A,QA8A IMPORT ISSUES CTRY: IMMIGRATION,,NA,0 = Not mentioned 1 = Mentioned 9 = Inap. (33 in V6),NA,NA,NA,X,,,standard,yes
ZA4819,4819,Eurobarometer 70.1,Oct-Nov,2008,v160,QA8A,QA8A IMPORT ISSUES CTRY: HEALTHCARE SYSTEM,,NA,0 = Not mentioned 1 = Mentioned 9 = Inap. (33 in V6),NA,NA,NA,X,,,standard,yes
ZA4819,4819,Eurobarometer 70.1,Oct-Nov,2008,v161,QA8A,QA8A IMPORT ISSUES CTRY: EDUCATIONAL SYSTEM,,NA,0 = Not mentioned 1 = Mentioned 9 = Inap. (33 in V6),NA,NA,NA,X,,,standard,yes
ZA4819,4819,Eurobarometer 70.1,Oct-Nov,2008,v162,QA8A,QA8A IMPORT ISSUES CTRY: PENSIONS,,NA,0 = Not mentioned 1 = Mentioned 9 = Inap. (33 in V6),NA,NA,NA,X,,,standard,yes
ZA4819,4819,Eurobarometer 70.1,Oct-Nov,2008,v163,QA8A,QA8A IMPORT ISSUES CTRY: ENVIRONMENT PROTECT,,NA,0 = Not mentioned 1 = Mentioned 9 = Inap. (33 in V6),NA,NA,NA,X,,,standard,yes
ZA4819,4819,Eurobarometer 70.1,Oct-Nov,2008,v164,QA8A,QA8A IMPORT ISSUES CTRY: ENERGY,,NA,0 = Not mentioned 1 = Mentioned 9 = Inap. (33 in V6),NA,NA,NA,X,,,standard,yes
ZA4819,4819,Eurobarometer 70.1,Oct-Nov,2008,v165,QA8A,QA8A IMPORT ISSUES CTRY: OTHERS,,NA,0 = Not mentioned 1 = Mentioned 9 = Inap. (33 in V6),NA,NA,NA,X,,,standard,yes
ZA4819,4819,Eurobarometer 70.1,Oct-Nov,2008,v166,QA8A,QA8A IMPORT ISSUES CTRY: DK,,NA,0 = Not mentioned 1 = Mentioned 9 = Inap. (33 in V6),NA,NA,NA,X,,,standard,yes
ZA4819,4819,Eurobarometer 70.1,Oct-Nov,2008,v167,QA8B,QA8B IMPORT ISSUES PERS: CRIME,,NA,0 = Not mentioned 1 = Mentioned 9 = Inap. (33 in V6),NA,NA,NA,X,,,standard,yes
ZA4819,4819,Eurobarometer 70.1,Oct-Nov,2008,v168,QA8B,QA8B IMPORT ISSUES PERS: ECONOMIC SITUATION,,NA,0 = Not mentioned 1 = Mentioned 9 = Inap. (33 in V6),NA,NA,NA,X,,,standard,yes
ZA4819,4819,Eurobarometer 70.1,Oct-Nov,2008,v169,QA8B,QA8B IMPORT ISSUES PERS: RISING PRICES/INFL,,NA,0 = Not mentioned 1 = Mentioned 9 = Inap. (33 in V6),NA,NA,NA,X,,,standard,yes
ZA4819,4819,Eurobarometer 70.1,Oct-Nov,2008,v170,QA8B,QA8B IMPORT ISSUES PERS: TAXATION,,NA,0 = Not mentioned 1 = Mentioned 9 = Inap. (33 in V6),NA,NA,NA,X,,,standard,yes
ZA4819,4819,Eurobarometer 70.1,Oct-Nov,2008,v171,QA8B,QA8B IMPORT ISSUES PERS: UNEMPLOYMENT,,NA,0 = Not mentioned 1 = Mentioned 9 = Inap. (33 in V6),NA,NA,NA,X,,,standard,yes
ZA4819,4819,Eurobarometer 70.1,Oct-Nov,2008,v172,QA8B,QA8B IMPORT ISSUES PERS: TERRORISM,,NA,0 = Not mentioned 1 = Mentioned 9 = Inap. (33 in V6),NA,NA,NA,X,,,standard,yes
ZA4819,4819,Eurobarometer 70.1,Oct-Nov,2008,v173,QA8B,QA8B IMPORT ISSUES PERS: DEFENCE/FOREIGN AF,,NA,0 = Not mentioned 1 = Mentioned 9 = Inap. (33 in V6),NA,NA,NA,X,,,standard,yes
ZA4819,4819,Eurobarometer 70.1,Oct-Nov,2008,v174,QA8B,QA8B IMPORT ISSUES PERS: HOUSING,,NA,0 = Not mentioned 1 = Mentioned 9 = Inap. (33 in V6),NA,NA,NA,X,,,standard,yes
ZA4819,4819,Eurobarometer 70.1,Oct-Nov,2008,v175,QA8B,QA8B IMPORT ISSUES PERS: IMMIGRATION,,NA,0 = Not mentioned 1 = Mentioned 9 = Inap. (33 in V6),NA,NA,NA,X,,,standard,yes
ZA4819,4819,Eurobarometer 70.1,Oct-Nov,2008,v176,QA8B,QA8B IMPORT ISSUES PERS: HEALTH CARE SYSTEM,,NA,0 = Not mentioned 1 = Mentioned 9 = Inap. (33 in V6),NA,NA,NA,X,,,standard,yes
ZA4819,4819,Eurobarometer 70.1,Oct-Nov,2008,v177,QA8B,QA8B IMPORT ISSUES PERS: EDUCATIONAL SYSTEM,,NA,0 = Not mentioned 1 = Mentioned 9 = Inap. (33 in V6),NA,NA,NA,X,,,standard,yes
ZA4819,4819,Eurobarometer 70.1,Oct-Nov,2008,v178,QA8B,QA8B IMPORT ISSUES PERS: PENSIONS,,NA,0 = Not mentioned 1 = Mentioned 9 = Inap. (33 in V6),NA,NA,NA,X,,,standard,yes
ZA4819,4819,Eurobarometer 70.1,Oct-Nov,2008,v179,QA8B,QA8B IMPORT ISSUES PERS: ENVIRONMENT PROTEC,,NA,0 = Not mentioned 1 = Mentioned 9 = Inap. (33 in V6),NA,NA,NA,X,,,standard,yes
ZA4819,4819,Eurobarometer 70.1,Oct-Nov,2008,v180,QA8B,QA8B IMPORT ISSUES PERS: ENERGY,,NA,0 = Not mentioned 1 = Mentioned 9 = Inap. (33 in V6),NA,NA,NA,X,,,standard,yes
ZA4819,4819,Eurobarometer 70.1,Oct-Nov,2008,v181,QA8B,QA8B IMPORT ISSUES PERS: OTHERS,,NA,0 = Not mentioned 1 = Mentioned 9 = Inap. (33 in V6),NA,NA,NA,X,,,standard,yes
ZA4819,4819,Eurobarometer 70.1,Oct-Nov,2008,v182,QA8B,QA8B IMPORT ISSUES PERS: DK,,NA,0 = Not mentioned 1 = Mentioned 9 = Inap. (33 in V6),NA,NA,NA,X,,,standard,yes
ZA4819,4819,Eurobarometer 70.1,Oct-Nov,2008,v183,QA8C,QA8C IMPORTANT ISSUES CY-TCC: CRIME,,NA,0 = Not mentioned 1 = Mentioned 9 = Inap. (not 33 in V6),NA,NA,NA,X,,,standard,yes
ZA4819,4819,Eurobarometer 70.1,Oct-Nov,2008,v184,QA8C,QA8C IMPORTANT ISSUES CY-TCC: ECONOMIC SITUATION,,NA,0 = Not mentioned 1 = Mentioned 9 = Inap. (not 33 in V6),NA,NA,NA,X,,,standard,yes
ZA4819,4819,Eurobarometer 70.1,Oct-Nov,2008,v185,QA8C,QA8C IMPORTANT ISSUES CY-TCC: RISING PRICES/INFL,,NA,0 = Not mentioned 1 = Mentioned 9 = Inap. (not 33 in V6),NA,NA,NA,X,,,standard,yes
ZA4819,4819,Eurobarometer 70.1,Oct-Nov,2008,v186,QA8C,QA8C IMPORTANT ISSUES CY-TCC: TAXATION,,NA,0 = Not mentioned 1 = Mentioned 9 = Inap. (not 33 in V6),NA,NA,NA,X,,,standard,yes
ZA4819,4819,Eurobarometer 70.1,Oct-Nov,2008,v187,QA8C,QA8C IMPORTANT ISSUES CY-TCC: UNEMPLOYMENT,,NA,0 = Not mentioned 1 = Mentioned 9 = Inap. (not 33 in V6),NA,NA,NA,X,,,standard,yes
ZA4819,4819,Eurobarometer 70.1,Oct-Nov,2008,v188,QA8C,QA8C IMPORTANT ISSUES CY-TCC: TERRORISM,,NA,0 = Not mentioned 1 = Mentioned 9 = Inap. (not 33 in V6),NA,NA,NA,X,,,standard,yes
ZA4819,4819,Eurobarometer 70.1,Oct-Nov,2008,v189,QA8C,QA8C IMPORTANT ISSUES CY-TCC: CYPRUS ISSUE,,NA,0 = Not mentioned 1 = Mentioned 9 = Inap. (not 33 in V6),NA,NA,NA,X,,,standard,yes
ZA4819,4819,Eurobarometer 70.1,Oct-Nov,2008,v190,QA8C,QA8C IMPORTANT ISSUES CY-TCC: HOUSING,,NA,0 = Not mentioned 1 = Mentioned 9 = Inap. (not 33 in V6),NA,NA,NA,X,,,standard,yes
ZA4819,4819,Eurobarometer 70.1,Oct-Nov,2008,v191,QA8C,QA8C IMPORTANT ISSUES CY-TCC: IMMIGRATION,,NA,0 = Not mentioned 1 = Mentioned 9 = Inap. (not 33 in V6),NA,NA,NA,X,,,standard,yes
ZA4819,4819,Eurobarometer 70.1,Oct-Nov,2008,v192,QA8C,QA8C IMPORTANT ISSUES CY-TCC: HEALTH CARE SYSTEM,,NA,0 = Not mentioned 1 = Mentioned 9 = Inap. (not 33 in V6),NA,NA,NA,X,,,standard,yes
ZA4819,4819,Eurobarometer 70.1,Oct-Nov,2008,v193,QA8C,QA8C IMPORTANT ISSUES CY-TCC: EDUCATIONAL SYSTEM,,NA,0 = Not mentioned 1 = Mentioned 9 = Inap. (not 33 in V6),NA,NA,NA,X,,,standard,yes
ZA4819,4819,Eurobarometer 70.1,Oct-Nov,2008,v194,QA8C,QA8C IMPORTANT ISSUES CY-TCC: PENSIONS,,NA,0 = Not mentioned 1 = Mentioned 9 = Inap. (not 33 in V6),NA,NA,NA,X,,,standard,yes
ZA4819,4819,Eurobarometer 70.1,Oct-Nov,2008,v195,QA8C,QA8C IMPORTANT ISSUES CY-TCC: ENVIRONMENT PROTEC,,NA,0 = Not mentioned 1 = Mentioned 9 = Inap. (not 33 in V6),NA,NA,NA,X,,,standard,yes
ZA4819,4819,Eurobarometer 70.1,Oct-Nov,2008,v196,QA8C,QA8C IMPORTANT ISSUES CY-TCC: ENERGY,,NA,0 = Not mentioned 1 = Mentioned 9 = Inap. (not 33 in V6),NA,NA,NA,X,,,standard,yes
ZA4819,4819,Eurobarometer 70.1,Oct-Nov,2008,v197,QA8C,QA8C IMPORTANT ISSUES CY-TCC: OTHERS,,NA,0 = Not mentioned 1 = Mentioned 9 = Inap. (not 33 in V6),NA,NA,NA,X,,,standard,yes
ZA4819,4819,Eurobarometer 70.1,Oct-Nov,2008,v198,QA8C,QA8C IMPORTANT ISSUES CY-TCC: DK,,NA,0 = Not mentioned 1 = Mentioned 9 = Inap. (not 33 in V6),NA,NA,NA,X,,,standard,yes
ZA4819,4819,Eurobarometer 70.1,Oct-Nov,2008,v199,QA8D,QA8D IMPORT ISSUES PERS: CRIME,,NA,0 = Not mentioned 1 = Mentioned 9 = Inap. (not 33 in V6),NA,NA,NA,X,,,standard,yes
ZA4819,4819,Eurobarometer 70.1,Oct-Nov,2008,v200,QA8D,QA8D IMPORT ISSUES PERS: ECONOMIC SITUATION,,NA,0 = Not mentioned 1 = Mentioned 9 = Inap. (not 33 in V6),NA,NA,NA,X,,,standard,yes
ZA4819,4819,Eurobarometer 70.1,Oct-Nov,2008,v201,QA8D,QA8D IMPORT ISSUES PERS: RISING PRICES/INFL,,NA,0 = Not mentioned 1 = Mentioned 9 = Inap. (not 33 in V6),NA,NA,NA,X,,,standard,yes
ZA4819,4819,Eurobarometer 70.1,Oct-Nov,2008,v202,QA8D,QA8D IMPORT ISSUES PERS: TAXATION,,NA,0 = Not mentioned 1 = Mentioned 9 = Inap. (not 33 in V6),NA,NA,NA,X,,,standard,yes
ZA4819,4819,Eurobarometer 70.1,Oct-Nov,2008,v203,QA8D,QA8D IMPORT ISSUES PERS: UNEMPLOYMENT,,NA,0 = Not mentioned 1 = Mentioned 9 = Inap. (not 33 in V6),NA,NA,NA,X,,,standard,yes
ZA4819,4819,Eurobarometer 70.1,Oct-Nov,2008,v204,QA8D,QA8D IMPORT ISSUES PERS: TERRORISM,,NA,0 = Not mentioned 1 = Mentioned 9 = Inap. (not 33 in V6),NA,NA,NA,X,,,standard,yes
ZA4819,4819,Eurobarometer 70.1,Oct-Nov,2008,v205,QA8D,QA8D IMPORT ISSUES PERS: CYPRUS ISSUE,,NA,0 = Not mentioned 1 = Mentioned 9 = Inap. (not 33 in V6),NA,NA,NA,X,,,standard,yes
ZA4819,4819,Eurobarometer 70.1,Oct-Nov,2008,v206,QA8D,QA8D IMPORT ISSUES PERS: HOUSING,,NA,0 = Not mentioned 1 = Mentioned 9 = Inap. (not 33 in V6),NA,NA,NA,X,,,standard,yes
ZA4819,4819,Eurobarometer 70.1,Oct-Nov,2008,v207,QA8D,QA8D IMPORT ISSUES PERS: IMMIGRATION,,NA,0 = Not mentioned 1 = Mentioned 9 = Inap. (not 33 in V6),NA,NA,NA,X,,,standard,yes
ZA4819,4819,Eurobarometer 70.1,Oct-Nov,2008,v208,QA8D,QA8D IMPORT ISSUES PERS: HEALTH CARE SYSTEM,,NA,0 = Not mentioned 1 = Mentioned 9 = Inap. (not 33 in V6),NA,NA,NA,X,,,standard,yes
ZA4819,4819,Eurobarometer 70.1,Oct-Nov,2008,v209,QA8D,QA8D IMPORT ISSUES PERS: EDUCATIONAL SYSTEM,,NA,0 = Not mentioned 1 = Mentioned 9 = Inap. (not 33 in V6),NA,NA,NA,X,,,standard,yes
ZA4819,4819,Eurobarometer 70.1,Oct-Nov,2008,v210,QA8D,QA8D IMPORT ISSUES PERS: PENSIONS,,NA,0 = Not mentioned 1 = Mentioned 9 = Inap. (not 33 in V6),NA,NA,NA,X,,,standard,yes
ZA4819,4819,Eurobarometer 70.1,Oct-Nov,2008,v211,QA8D,QA8D IMPORT ISSUES PERS: ENVIRONMENT PROTEC,,NA,0 = Not mentioned 1 = Mentioned 9 = Inap. (not 33 in V6),NA,NA,NA,X,,,standard,yes
ZA4819,4819,Eurobarometer 70.1,Oct-Nov,2008,v212,QA8D,QA8D IMPORT ISSUES PERS: ENERGY,,NA,0 = Not mentioned 1 = Mentioned 9 = Inap. (not 33 in V6),NA,NA,NA,X,,,standard,yes
ZA4819,4819,Eurobarometer 70.1,Oct-Nov,2008,v213,QA8D,QA8D IMPORT ISSUES PERS: OTHERS,,NA,0 = Not mentioned 1 = Mentioned 9 = Inap. (not 33 in V6),NA,NA,NA,X,,,standard,yes
ZA4819,4819,Eurobarometer 70.1,Oct-Nov,2008,v214,QA8D,QA8D IMPORT ISSUES PERS: DK,,NA,0 = Not mentioned 1 = Mentioned 9 = Inap. (not 33 in V6),NA,NA,NA,X,,,standard,yes
ZA4819,4819,Eurobarometer 70.1,Oct-Nov,2008,v215,QA9A,QA9A EU MEMBERSHIP - GOOD/BAD,,NA,1 = Good thing 2 = Neither nor (3) 3 = Bad thing (2) 4 = DK 9 = Inap. (not 1 to 30 in V6),NA,NA,NA,X,,,standard,yes
ZA4819,4819,Eurobarometer 70.1,Oct-Nov,2008,v217,QA9B,QA9B EU MEMBERSH - GOOD/BAD - MK TR HR,,NA,1 = Good thing 2 = Neither nor (3) 3 = Bad thing (2) 4 = DK 9 = Inap. (1 to 30 or 33 in V6),NA,NA,NA,X,,,standard,yes
ZA4819,4819,Eurobarometer 70.1,Oct-Nov,2008,v219,QA9C,QA9C EU MEMBERSHIP - GOOD/BAD - CY-TCC,,NA,1 = Good thing 2 = Neither nor (3) 3 = Bad thing (2) 4 = DK 9 = Inap. (not 33 in V6),NA,NA,NA,X,,,standard,yes
ZA4971,4971,Eurobarometer 71.1,Jan-Feb,2009,v7,v7,NATION - ALL SAMPLES ISO 3166,,isocntry, = BE  = DK  = GR  = ES  = FI  = FR  = IE  = IT  = LU  = NL  = AT  = PT  = SE  = DE-W  = DE-E  = GB-GBN  = GB-NIR  = BG  = CY  = CZ  = EE  = HU  = LV  = LT  = MT  = PL  = RO  = SK  = SI  = TR  = HR  = CY-TCC  = MK,NA,NA,NA,,,X,special,NA
ZA4971,4971,Eurobarometer 71.1,Jan-Feb,2009,v117,QA5A,QA5A IMPORT ISSUES CTRY: CRIME,,NA,0 = Not mentioned 1 = Mentioned 9 = Inap. (33 in V6),NA,NA,NA,,,X,special,NA
ZA4971,4971,Eurobarometer 71.1,Jan-Feb,2009,v118,QA5A,QA5A IMPORT ISSUES CTRY: ECONOMIC SITUATION,,NA,0 = Not mentioned 1 = Mentioned 9 = Inap. (33 in V6),NA,NA,NA,,,X,special,NA
ZA4971,4971,Eurobarometer 71.1,Jan-Feb,2009,v119,QA5A,QA5A IMPORT ISSUES CTRY: RISING PRICES/INFLA,,NA,0 = Not mentioned 1 = Mentioned 9 = Inap. (33 in V6),NA,NA,NA,,,X,special,NA
ZA4971,4971,Eurobarometer 71.1,Jan-Feb,2009,v120,QA5A,QA5A IMPORT ISSUES CTRY: TAXATION,,NA,0 = Not mentioned 1 = Mentioned 9 = Inap. (33 in V6),NA,NA,NA,,,X,special,NA
ZA4971,4971,Eurobarometer 71.1,Jan-Feb,2009,v121,QA5A,QA5A IMPORT ISSUES CTRY: UNEMPLOYMENT,,NA,0 = Not mentioned 1 = Mentioned 9 = Inap. (33 in V6),NA,NA,NA,,,X,special,NA
ZA4971,4971,Eurobarometer 71.1,Jan-Feb,2009,v122,QA5A,QA5A IMPORT ISSUES CTRY: TERRORISM,,NA,0 = Not mentioned 1 = Mentioned 9 = Inap. (33 in V6),NA,NA,NA,,,X,special,NA
ZA4971,4971,Eurobarometer 71.1,Jan-Feb,2009,v123,QA5A,QA5A IMPORT ISSUES CTRY: DEFENCE/FOREIGN AFF,,NA,0 = Not mentioned 1 = Mentioned 9 = Inap. (33 in V6),NA,NA,NA,,,X,special,NA
ZA4971,4971,Eurobarometer 71.1,Jan-Feb,2009,v124,QA5A,QA5A IMPORT ISSUES CTRY: HOUSING,,NA,0 = Not mentioned 1 = Mentioned 9 = Inap. (33 in V6),NA,NA,NA,,,X,special,NA
ZA4971,4971,Eurobarometer 71.1,Jan-Feb,2009,v125,QA5A,QA5A IMPORT ISSUES CTRY: IMMIGRATION,,NA,0 = Not mentioned 1 = Mentioned 9 = Inap. (33 in V6),NA,NA,NA,,,X,special,NA
ZA4971,4971,Eurobarometer 71.1,Jan-Feb,2009,v126,QA5A,QA5A IMPORT ISSUES CTRY: HEALTH CARE SYSTEM,,NA,0 = Not mentioned 1 = Mentioned 9 = Inap. (33 in V6),NA,NA,NA,,,X,special,NA
ZA4971,4971,Eurobarometer 71.1,Jan-Feb,2009,v127,QA5A,QA5A IMPORT ISSUES CTRY: EDUCATIONAL SYSTEM,,NA,0 = Not mentioned 1 = Mentioned 9 = Inap. (33 in V6),NA,NA,NA,,,X,special,NA
ZA4971,4971,Eurobarometer 71.1,Jan-Feb,2009,v128,QA5A,QA5A IMPORT ISSUES CTRY: PENSIONS,,NA,0 = Not mentioned 1 = Mentioned 9 = Inap. (33 in V6),NA,NA,NA,,,X,special,NA
ZA4971,4971,Eurobarometer 71.1,Jan-Feb,2009,v129,QA5A,QA5A IMPORT ISSUES CTRY: ENVIRONMENT PROTECT,,NA,0 = Not mentioned 1 = Mentioned 9 = Inap. (33 in V6),NA,NA,NA,,,X,special,NA
ZA4971,4971,Eurobarometer 71.1,Jan-Feb,2009,v130,QA5A,QA5A IMPORT ISSUES CTRY: ENERGY,,NA,0 = Not mentioned 1 = Mentioned 9 = Inap. (33 in V6),NA,NA,NA,,,X,special,NA
ZA4971,4971,Eurobarometer 71.1,Jan-Feb,2009,v131,QA5A,QA5A IMPORT ISSUES CTRY: OTHERS,,NA,0 = Not mentioned 1 = Mentioned 9 = Inap. (33 in V6),NA,NA,NA,,,X,special,NA
ZA4971,4971,Eurobarometer 71.1,Jan-Feb,2009,v132,QA5A,QA5A IMPORT ISSUES CTRY: DK,,NA,0 = Not mentioned 1 = Mentioned 9 = Inap. (33 in V6),NA,NA,NA,,,X,special,NA
ZA4971,4971,Eurobarometer 71.1,Jan-Feb,2009,v133,QA5B,QA5B IMPORT ISSUES PERS: CRIME,,NA,0 = Not mentioned 1 = Mentioned 9 = Inap. (33 in V6),NA,NA,NA,,,X,special,yes
ZA4971,4971,Eurobarometer 71.1,Jan-Feb,2009,v134,QA5B,QA5B IMPORT ISSUES PERS: ECONOMIC SITUATION,,NA,0 = Not mentioned 1 = Mentioned 9 = Inap. (33 in V6),NA,NA,NA,,,X,special,yes
ZA4971,4971,Eurobarometer 71.1,Jan-Feb,2009,v135,QA5B,QA5B IMPORT ISSUES PERS: RISING PRICES/INFL,,NA,0 = Not mentioned 1 = Mentioned 9 = Inap. (33 in V6),NA,NA,NA,,,X,special,yes
ZA4971,4971,Eurobarometer 71.1,Jan-Feb,2009,v136,QA5B,QA5B IMPORT ISSUES PERS: TAXATION,,NA,0 = Not mentioned 1 = Mentioned 9 = Inap. (33 in V6),NA,NA,NA,,,X,special,yes
ZA4971,4971,Eurobarometer 71.1,Jan-Feb,2009,v137,QA5B,QA5B IMPORT ISSUES PERS: UNEMPLOYMENT,,NA,0 = Not mentioned 1 = Mentioned 9 = Inap. (33 in V6),NA,NA,NA,,,X,special,yes
ZA4971,4971,Eurobarometer 71.1,Jan-Feb,2009,v138,QA5B,QA5B IMPORT ISSUES PERS: TERRORISM,,NA,0 = Not mentioned 1 = Mentioned 9 = Inap. (33 in V6),NA,NA,NA,,,X,special,yes
ZA4971,4971,Eurobarometer 71.1,Jan-Feb,2009,v139,QA5B,QA5B IMPORT ISSUES PERS: DEFENCE/FOREIGN AF,,NA,0 = Not mentioned 1 = Mentioned 9 = Inap. (33 in V6),NA,NA,NA,,,X,special,yes
ZA4971,4971,Eurobarometer 71.1,Jan-Feb,2009,v140,QA5B,QA5B IMPORT ISSUES PERS: HOUSING,,NA,0 = Not mentioned 1 = Mentioned 9 = Inap. (33 in V6),NA,NA,NA,,,X,special,yes
ZA4971,4971,Eurobarometer 71.1,Jan-Feb,2009,v141,QA5B,QA5B IMPORT ISSUES PERS: IMMIGRATION,,NA,0 = Not mentioned 1 = Mentioned 9 = Inap. (33 in V6),NA,NA,NA,,,X,special,yes
ZA4971,4971,Eurobarometer 71.1,Jan-Feb,2009,v142,QA5B,QA5B IMPORT ISSUES PERS: HEALTH CARE SYSTEM,,NA,0 = Not mentioned 1 = Mentioned 9 = Inap. (33 in V6),NA,NA,NA,,,X,special,yes
ZA4971,4971,Eurobarometer 71.1,Jan-Feb,2009,v143,QA5B,QA5B IMPORT ISSUES PERS: EDUCATIONAL SYSTEM,,NA,0 = Not mentioned 1 = Mentioned 9 = Inap. (33 in V6),NA,NA,NA,,,X,special,yes
ZA4971,4971,Eurobarometer 71.1,Jan-Feb,2009,v144,QA5B,QA5B IMPORT ISSUES PERS: PENSIONS,,NA,0 = Not mentioned 1 = Mentioned 9 = Inap. (33 in V6),NA,NA,NA,,,X,special,yes
ZA4971,4971,Eurobarometer 71.1,Jan-Feb,2009,v145,QA5B,QA5B IMPORT ISSUES PERS: ENVIRONMENT PROTEC,,NA,0 = Not mentioned 1 = Mentioned 9 = Inap. (33 in V6),NA,NA,NA,,,X,special,yes
ZA4971,4971,Eurobarometer 71.1,Jan-Feb,2009,v146,QA5B,QA5B IMPORT ISSUES PERS: ENERGY,,NA,0 = Not mentioned 1 = Mentioned 9 = Inap. (33 in V6),NA,NA,NA,,,X,special,yes
ZA4971,4971,Eurobarometer 71.1,Jan-Feb,2009,v147,QA5B,QA5B IMPORT ISSUES PERS: OTHERS,,NA,0 = Not mentioned 1 = Mentioned 9 = Inap. (33 in V6),NA,NA,NA,,,X,special,yes
ZA4971,4971,Eurobarometer 71.1,Jan-Feb,2009,v148,QA5B,QA5B IMPORT ISSUES PERS: DK,,NA,0 = Not mentioned 1 = Mentioned 9 = Inap. (33 in V6),NA,NA,NA,,,X,special,yes
ZA4971,4971,Eurobarometer 71.1,Jan-Feb,2009,v149,QA5C,QA5C IMPORTANT ISSUES CY-TCC: CRIME,,NA,0 = Not mentioned 1 = Mentioned 9 = Inap. (not 33 in V6),NA,NA,NA,,,X,special,yes
ZA4971,4971,Eurobarometer 71.1,Jan-Feb,2009,v150,QA5C,QA5C IMPORTANT ISSUES CY-TCC: ECONOMIC SITUATION,,NA,0 = Not mentioned 1 = Mentioned 9 = Inap. (not 33 in V6),NA,NA,NA,,,X,special,NA
ZA4971,4971,Eurobarometer 71.1,Jan-Feb,2009,v151,QA5C,QA5C IMPORTANT ISSUES CY-TCC: RISING PRICES/INFL,,NA,0 = Not mentioned 1 = Mentioned 9 = Inap. (not 33 in V6),NA,NA,NA,,,X,special,NA
ZA4971,4971,Eurobarometer 71.1,Jan-Feb,2009,v152,QA5C,QA5C IMPORTANT ISSUES CY-TCC: TAXATION,,NA,0 = Not mentioned 1 = Mentioned 9 = Inap. (not 33 in V6),NA,NA,NA,,,X,special,NA
ZA4971,4971,Eurobarometer 71.1,Jan-Feb,2009,v153,QA5C,QA5C IMPORTANT ISSUES CY-TCC: UNEMPLOYMENT,,NA,0 = Not mentioned 1 = Mentioned 9 = Inap. (not 33 in V6),NA,NA,NA,,,X,special,NA
ZA4971,4971,Eurobarometer 71.1,Jan-Feb,2009,v154,QA5C,QA5C IMPORTANT ISSUES CY-TCC: TERRORISM,,NA,0 = Not mentioned 1 = Mentioned 9 = Inap. (not 33 in V6),NA,NA,NA,,,X,special,NA
ZA4971,4971,Eurobarometer 71.1,Jan-Feb,2009,v155,QA5C,QA5C IMPORTANT ISSUES CY-TCC: CYPRUS ISSUE,,NA,0 = Not mentioned 1 = Mentioned 9 = Inap. (not 33 in V6),NA,NA,NA,,,X,special,NA
ZA4971,4971,Eurobarometer 71.1,Jan-Feb,2009,v156,QA5C,QA5C IMPORTANT ISSUES CY-TCC: HOUSING,,NA,0 = Not mentioned 1 = Mentioned 9 = Inap. (not 33 in V6),NA,NA,NA,,,X,special,NA
ZA4971,4971,Eurobarometer 71.1,Jan-Feb,2009,v157,QA5C,QA5C IMPORTANT ISSUES CY-TCC: IMMIGRATION,,NA,0 = Not mentioned 1 = Mentioned 9 = Inap. (not 33 in V6),NA,NA,NA,,,X,special,NA
ZA4971,4971,Eurobarometer 71.1,Jan-Feb,2009,v158,QA5C,QA5C IMPORTANT ISSUES CY-TCC: HEALTH CARE SYSTEM,,NA,0 = Not mentioned 1 = Mentioned 9 = Inap. (not 33 in V6),NA,NA,NA,,,X,special,NA
ZA4971,4971,Eurobarometer 71.1,Jan-Feb,2009,v159,QA5C,QA5C IMPORTANT ISSUES CY-TCC: EDUCATIONAL SYSTEM,,NA,0 = Not mentioned 1 = Mentioned 9 = Inap. (not 33 in V6),NA,NA,NA,,,X,special,NA
ZA4971,4971,Eurobarometer 71.1,Jan-Feb,2009,v160,QA5C,QA5C IMPORTANT ISSUES CY-TCC: PENSIONS,,NA,0 = Not mentioned 1 = Mentioned 9 = Inap. (not 33 in V6),NA,NA,NA,,,X,special,NA
ZA4971,4971,Eurobarometer 71.1,Jan-Feb,2009,v161,QA5C,QA5C IMPORTANT ISSUES CY-TCC: ENVIRONMENT PROTEC,,NA,0 = Not mentioned 1 = Mentioned 9 = Inap. (not 33 in V6),NA,NA,NA,,,X,special,NA
ZA4971,4971,Eurobarometer 71.1,Jan-Feb,2009,v162,QA5C,QA5C IMPORTANT ISSUES CY-TCC: ENERGY,,NA,0 = Not mentioned 1 = Mentioned 9 = Inap. (not 33 in V6),NA,NA,NA,,,X,special,NA
ZA4971,4971,Eurobarometer 71.1,Jan-Feb,2009,v163,QA5C,QA5C IMPORTANT ISSUES CY-TCC: OTHERS,,NA,0 = Not mentioned 1 = Mentioned (not ment.) 9 = Inap. (not 33 in V6),NA,NA,NA,,,X,special,NA
ZA4971,4971,Eurobarometer 71.1,Jan-Feb,2009,v164,QA5C,QA5C IMPORTANT ISSUES CY-TCC: DK,,NA,0 = Not mentioned 1 = Mentioned 9 = Inap. (not 33 in V6),NA,NA,NA,,,X,special,NA
ZA4971,4971,Eurobarometer 71.1,Jan-Feb,2009,v165,QA5D,QA5D IMPORT ISSUES PERS: CRIME,,NA,0 = Not mentioned 1 = Mentioned 9 = Inap. (not 33 in V6),NA,NA,NA,,,X,special,yes
ZA4971,4971,Eurobarometer 71.1,Jan-Feb,2009,v166,QA5D,QA5D IMPORT ISSUES PERS: ECONOMIC SITUATION,,NA,0 = Not mentioned 1 = Mentioned 9 = Inap. (not 33 in V6),NA,NA,NA,,,X,special,yes
ZA4971,4971,Eurobarometer 71.1,Jan-Feb,2009,v167,QA5D,QA5D IMPORT ISSUES PERS: RISING PRICES/INFL,,NA,0 = Not mentioned 1 = Mentioned 9 = Inap. (not 33 in V6),NA,NA,NA,,,X,special,yes
ZA4971,4971,Eurobarometer 71.1,Jan-Feb,2009,v168,QA5D,QA5D IMPORT ISSUES PERS: TAXATION,,NA,0 = Not mentioned 1 = Mentioned 9 = Inap. (not 33 in V6),NA,NA,NA,,,X,special,yes
ZA4971,4971,Eurobarometer 71.1,Jan-Feb,2009,v169,QA5D,QA5D IMPORT ISSUES PERS: UNEMPLOYMENT,,NA,0 = Not mentioned 1 = Mentioned 9 = Inap. (not 33 in V6),NA,NA,NA,,,X,special,yes
ZA4971,4971,Eurobarometer 71.1,Jan-Feb,2009,v170,QA5D,QA5D IMPORT ISSUES PERS: TERRORISM,,NA,0 = Not mentioned 1 = Mentioned 9 = Inap. (not 33 in V6),NA,NA,NA,,,X,special,yes
ZA4971,4971,Eurobarometer 71.1,Jan-Feb,2009,v171,QA5D,QA5D IMPORT ISSUES PERS: CYPRUS ISSUE,,NA,0 = Not mentioned 1 = Mentioned 9 = Inap. (not 33 in V6),NA,NA,NA,,,X,special,yes
ZA4971,4971,Eurobarometer 71.1,Jan-Feb,2009,v172,QA5D,QA5D IMPORT ISSUES PERS: HOUSING,,NA,0 = Not mentioned 1 = Mentioned 9 = Inap. (not 33 in V6),NA,NA,NA,,,X,special,yes
ZA4971,4971,Eurobarometer 71.1,Jan-Feb,2009,v173,QA5D,QA5D IMPORT ISSUES PERS: IMMIGRATION,,NA,0 = Not mentioned 1 = Mentioned 9 = Inap. (not 33 in V6),NA,NA,NA,,,X,special,yes
ZA4971,4971,Eurobarometer 71.1,Jan-Feb,2009,v174,QA5D,QA5D IMPORT ISSUES PERS: HEALTH CARE SYSTEM,,NA,0 = Not mentioned 1 = Mentioned 9 = Inap. (not 33 in V6),NA,NA,NA,,,X,special,yes
ZA4971,4971,Eurobarometer 71.1,Jan-Feb,2009,v175,QA5D,QA5D IMPORT ISSUES PERS: EDUCATIONAL SYSTEM,,NA,0 = Not mentioned 1 = Mentioned 9 = Inap. (not 33 in V6),NA,NA,NA,,,X,special,yes
ZA4971,4971,Eurobarometer 71.1,Jan-Feb,2009,v176,QA5D,QA5D IMPORT ISSUES PERS: PENSIONS,,NA,0 = Not mentioned 1 = Mentioned 9 = Inap. (not 33 in V6),NA,NA,NA,,,X,special,yes
ZA4971,4971,Eurobarometer 71.1,Jan-Feb,2009,v177,QA5D,QA5D IMPORT ISSUES PERS: ENVIRONMENT PROTEC,,NA,0 = Not mentioned 1 = Mentioned 9 = Inap. (not 33 in V6),NA,NA,NA,,,X,special,yes
ZA4971,4971,Eurobarometer 71.1,Jan-Feb,2009,v178,QA5D,QA5D IMPORT ISSUES PERS: ENERGY,,NA,0 = Not mentioned 1 = Mentioned 9 = Inap. (not 33 in V6),NA,NA,NA,,,X,special,yes
ZA4971,4971,Eurobarometer 71.1,Jan-Feb,2009,v179,QA5D,QA5D IMPORT ISSUES PERS: OTHERS,,NA,0 = Not mentioned 1 = Mentioned (not ment.) 9 = Inap. (not 33 in V6),NA,NA,NA,,,X,special,yes
ZA4971,4971,Eurobarometer 71.1,Jan-Feb,2009,v180,QA5D,QA5D IMPORT ISSUES PERS: DK,,NA,0 = Not mentioned 1 = Mentioned 9 = Inap. (not 33 in V6),NA,NA,NA,,,X,special,yes
ZA4971,4971,Eurobarometer 71.1,Jan-Feb,2009,v181,QA6A,QA6A EU MEMBERSHIP - GOOD/BAD,,NA,1 = Good thing 2 = Neither nor (3) 3 = Bad thing (2) 4 = DK 9 = Inap. (not 1 to 30 in V6),NA,NA,NA,,,X,special,yes
ZA4971,4971,Eurobarometer 71.1,Jan-Feb,2009,v183,QA6B,QA6B EU MEMBERSH - GOOD/BAD - MK TR HR,,NA,1 = Good thing 2 = Neither nor (3) 3 = Bad thing (2) 4 = DK 9 = Inap. (1 to 30 or 33 in V6),NA,NA,NA,,,X,special,yes
ZA4971,4971,Eurobarometer 71.1,Jan-Feb,2009,v185,QA6C,QA6C EU MEMBERSHIP - GOOD/BAD - CY-TCC,,NA,1 = Good thing 2 = Neither nor (3) 3 = Bad thing (2) 4 = DK 9 = Inap. (not 33 in V6),NA,NA,NA,,,X,special,yes
ZA4971,4971,Eurobarometer 71.1,Jan-Feb,2009,v768,split,SPLIT (QA17),,split,1 = Questionnaire Version A 2 = Questionnaire Version B 9 = Inap. (not 1 to 30 in V6),NA,NA,NA,,,X,special,NA
ZA4973,4973,Eurobarometer 71.3,Jun-Jul,2009,v7,v7,NATION - ALL SAMPLES ISO 3166,,isocntry, = AT  = BE  = DK  = GR  = ES  = FI  = FR  = IE  = IT  = LU  = NL  = PT  = SE  = DE-W  = DE-E  = GB-GBN  = GB-NIR  = BG  = CY  = CZ  = EE  = HU  = LV  = LT  = MT  = PL  = RO  = SK  = SI  = TR  = HR  = CY-TCC  = MK,NA,NA,NA,X,,,standard,NA
ZA4973,4973,Eurobarometer 71.3,Jun-Jul,2009,v133,QA4A,QA4A IMPORT ISSUES CTRY: CRIME,,NA,0 = Not mentioned 1 = Mentioned 9 = Inap. (33 in V6),NA,NA,NA,X,,,standard,NA
ZA4973,4973,Eurobarometer 71.3,Jun-Jul,2009,v134,QA4A,QA4A IMPORT ISSUES CTRY: ECONOMIC SITUATION,,NA,0 = Not mentioned 1 = Mentioned 9 = Inap. (33 in V6),NA,NA,NA,X,,,standard,NA
ZA4973,4973,Eurobarometer 71.3,Jun-Jul,2009,v135,QA4A,QA4A IMPORT ISSUES CTRY: RISING PRICES/INFLA,,NA,0 = Not mentioned 1 = Mentioned 9 = Inap. (33 in V6),NA,NA,NA,X,,,standard,NA
ZA4973,4973,Eurobarometer 71.3,Jun-Jul,2009,v136,QA4A,QA4A IMPORT ISSUES CTRY: TAXATION,,NA,0 = Not mentioned 1 = Mentioned 9 = Inap. (33 in V6),NA,NA,NA,X,,,standard,NA
ZA4973,4973,Eurobarometer 71.3,Jun-Jul,2009,v137,QA4A,QA4A IMPORT ISSUES CTRY: UNEMPLOYMENT,,NA,0 = Not mentioned 1 = Mentioned 9 = Inap. (33 in V6),NA,NA,NA,X,,,standard,NA
ZA4973,4973,Eurobarometer 71.3,Jun-Jul,2009,v138,QA4A,QA4A IMPORT ISSUES CTRY: TERRORISM,,NA,0 = Not mentioned 1 = Mentioned 9 = Inap. (33 in V6),NA,NA,NA,X,,,standard,NA
ZA4973,4973,Eurobarometer 71.3,Jun-Jul,2009,v139,QA4A,QA4A IMPORT ISSUES CTRY: DEFENCE/FOREIGN AFF,,NA,0 = Not mentioned 1 = Mentioned 9 = Inap. (33 in V6),NA,NA,NA,X,,,standard,NA
ZA4973,4973,Eurobarometer 71.3,Jun-Jul,2009,v140,QA4A,QA4A IMPORT ISSUES CTRY: HOUSING,,NA,0 = Not mentioned 1 = Mentioned 9 = Inap. (33 in V6),NA,NA,NA,X,,,standard,NA
ZA4973,4973,Eurobarometer 71.3,Jun-Jul,2009,v141,QA4A,QA4A IMPORT ISSUES CTRY: IMMIGRATION,,NA,0 = Not mentioned 1 = Mentioned 9 = Inap. (33 in V6),NA,NA,NA,X,,,standard,NA
ZA4973,4973,Eurobarometer 71.3,Jun-Jul,2009,v142,QA4A,QA4A IMPORT ISSUES CTRY: HEALTHCARE SYSTEM,,NA,0 = Not mentioned 1 = Mentioned 9 = Inap. (33 in V6),NA,NA,NA,X,,,standard,NA
ZA4973,4973,Eurobarometer 71.3,Jun-Jul,2009,v143,QA4A,QA4A IMPORT ISSUES CTRY: EDUCATIONAL SYSTEM,,NA,0 = Not mentioned 1 = Mentioned 9 = Inap. (33 in V6),NA,NA,NA,X,,,standard,NA
ZA4973,4973,Eurobarometer 71.3,Jun-Jul,2009,v144,QA4A,QA4A IMPORT ISSUES CTRY: PENSIONS,,NA,0 = Not mentioned 1 = Mentioned 9 = Inap. (33 in V6),NA,NA,NA,X,,,standard,NA
ZA4973,4973,Eurobarometer 71.3,Jun-Jul,2009,v145,QA4A,QA4A IMPORT ISSUES CTRY: ENVIRONMENT PROTECT (A),,NA,0 = Not mentioned 1 = Mentioned 9 = Inap. (Split B) 99 = Inap. (33 in V6),NA,NA,NA,X,,,standard,NA
ZA4973,4973,Eurobarometer 71.3,Jun-Jul,2009,v146,QA4A,QA4A IMPORT ISSUES CTRY: THE ENVIRONMENT (B),,NA,0 = Not mentioned 1 = Mentioned 9 = Inap. (Split A) 99 = Inap. (33 in V6),NA,NA,NA,X,,,standard,NA
ZA4973,4973,Eurobarometer 71.3,Jun-Jul,2009,v147,QA4A,QA4A IMPORT ISSUES CTRY: ENERGY,,NA,0 = Not mentioned 1 = Mentioned 9 = Inap. (33 in V6),NA,NA,NA,X,,,standard,NA
ZA4973,4973,Eurobarometer 71.3,Jun-Jul,2009,v148,QA4A,QA4A IMPORT ISSUES CTRY: OTHERS,,NA,0 = Not mentioned 1 = Mentioned 9 = Inap. (33 in V6),NA,NA,NA,X,,,standard,NA
ZA4973,4973,Eurobarometer 71.3,Jun-Jul,2009,v149,QA4A,QA4A IMPORT ISSUES CTRY: NONE,,NA,0 = Not mentioned 1 = Mentioned 9 = Inap. (33 in V6),NA,NA,NA,X,,,standard,NA
ZA4973,4973,Eurobarometer 71.3,Jun-Jul,2009,v150,QA4A,QA4A IMPORT ISSUES CTRY: DK,,NA,0 = Not mentioned 1 = Mentioned 9 = Inap. (33 in V6),NA,NA,NA,X,,,standard,NA
ZA4973,4973,Eurobarometer 71.3,Jun-Jul,2009,v151,QA5A,QA5A IMPORT ISSUES PERS: CRIME,,NA,0 = Not mentioned 1 = Mentioned 9 = Inap. (33 in V6),NA,NA,NA,X,,,standard,NA
ZA4973,4973,Eurobarometer 71.3,Jun-Jul,2009,v152,QA5A,QA5A IMPORT ISSUES PERS: ECONOMIC SITUATION,,NA,0 = Not mentioned 1 = Mentioned 9 = Inap. (33 in V6),NA,NA,NA,X,,,standard,NA
ZA4973,4973,Eurobarometer 71.3,Jun-Jul,2009,v153,QA5A,QA5A IMPORT ISSUES PERS: RISING PRICES/INFLA,,NA,0 = Not mentioned 1 = Mentioned 9 = Inap. (33 in V6),NA,NA,NA,X,,,standard,NA
ZA4973,4973,Eurobarometer 71.3,Jun-Jul,2009,v154,QA5A,QA5A IMPORT ISSUES PERS: TAXATION,,NA,0 = Not mentioned 1 = Mentioned 9 = Inap. (33 in V6),NA,NA,NA,X,,,standard,NA
ZA4973,4973,Eurobarometer 71.3,Jun-Jul,2009,v155,QA5A,QA5A IMPORT ISSUES PERS: UNEMPLOYMENT,,NA,0 = Not mentioned 1 = Mentioned 9 = Inap. (33 in V6),NA,NA,NA,X,,,standard,NA
ZA4973,4973,Eurobarometer 71.3,Jun-Jul,2009,v156,QA5A,QA5A IMPORT ISSUES PERS: TERRORISM,,NA,0 = Not mentioned 1 = Mentioned 9 = Inap. (33 in V6),NA,NA,NA,X,,,standard,NA
ZA4973,4973,Eurobarometer 71.3,Jun-Jul,2009,v157,QA5A,QA5A IMPORT ISSUES PERS: DEFENCE/FOREIGN AFF,,NA,0 = Not mentioned 1 = Mentioned 9 = Inap. (33 in V6),NA,NA,NA,X,,,standard,NA
ZA4973,4973,Eurobarometer 71.3,Jun-Jul,2009,v158,QA5A,QA5A IMPORT ISSUES PERS: HOUSING,,NA,0 = Not mentioned 1 = Mentioned 9 = Inap. (33 in V6),NA,NA,NA,X,,,standard,NA
ZA4973,4973,Eurobarometer 71.3,Jun-Jul,2009,v159,QA5A,QA5A IMPORT ISSUES PERS: IMMIGRATION,,NA,0 = Not mentioned 1 = Mentioned 9 = Inap. (33 in V6),NA,NA,NA,X,,,standard,NA
ZA4973,4973,Eurobarometer 71.3,Jun-Jul,2009,v160,QA5A,QA5A IMPORT ISSUES PERS: HEALTHCARE SYSTEM,,NA,0 = Not mentioned 1 = Mentioned 9 = Inap. (33 in V6),NA,NA,NA,X,,,standard,NA
ZA4973,4973,Eurobarometer 71.3,Jun-Jul,2009,v161,QA5A,QA5A IMPORT ISSUES PERS: EDUCATIONAL SYSTEM,,NA,0 = Not mentioned 1 = Mentioned 9 = Inap. (33 in V6),NA,NA,NA,X,,,standard,NA
ZA4973,4973,Eurobarometer 71.3,Jun-Jul,2009,v162,QA5A,QA5A IMPORT ISSUES PERS: PENSIONS,,NA,0 = Not mentioned 1 = Mentioned 9 = Inap. (33 in V6),NA,NA,NA,X,,,standard,NA
ZA4973,4973,Eurobarometer 71.3,Jun-Jul,2009,v163,QA5A,QA5A IMPORT ISSUES PERS: ENVIRONMENT PROTECT (A),,NA,0 = Not mentioned 1 = Mentioned 9 = Inap. (Split B) 99 = Inap. (33 in V6),NA,NA,NA,X,,,standard,NA
ZA4973,4973,Eurobarometer 71.3,Jun-Jul,2009,v164,QA5A,QA5A IMPORT ISSUES PERS: THE ENVIRONMENT (B),,NA,0 = Not mentioned 1 = Mentioned 9 = Inap. (Split A) 99 = Inap. (33 in V6),NA,NA,NA,X,,,standard,NA
ZA4973,4973,Eurobarometer 71.3,Jun-Jul,2009,v165,QA5A,QA5A IMPORT ISSUES PERS: ENERGY,,NA,0 = Not mentioned 1 = Mentioned 9 = Inap. (33 in V6),NA,NA,NA,X,,,standard,NA
ZA4973,4973,Eurobarometer 71.3,Jun-Jul,2009,v166,QA5A,QA5A IMPORT ISSUES PERS: OTHERS,,NA,0 = Not mentioned 1 = Mentioned 9 = Inap. (33 in V6),NA,NA,NA,X,,,standard,NA
ZA4973,4973,Eurobarometer 71.3,Jun-Jul,2009,v167,QA5A,QA5A IMPORT ISSUES PERS: NONE,,NA,0 = Not mentioned 1 = Mentioned 9 = Inap. (33 in V6),NA,NA,NA,X,,,standard,NA
ZA4973,4973,Eurobarometer 71.3,Jun-Jul,2009,v168,QA5A,QA5A IMPORT ISSUES PERS: DK,,NA,0 = Not mentioned 1 = Mentioned 9 = Inap. (33 in V6),NA,NA,NA,X,,,standard,NA
ZA4973,4973,Eurobarometer 71.3,Jun-Jul,2009,v169,QA4B,QA4B IMPORT ISSUES CY-TCC: CRIME,,NA,0 = Not mentioned 1 = Mentioned 9 = Inap. (not 33 in V6),NA,NA,NA,X,,,standard,NA
ZA4973,4973,Eurobarometer 71.3,Jun-Jul,2009,v170,QA4B,QA4B IMPORT ISSUES CY-TCC: ECONOMIC SITUATION,,NA,0 = Not mentioned 1 = Mentioned 9 = Inap. (not 33 in V6),NA,NA,NA,X,,,standard,NA
ZA4973,4973,Eurobarometer 71.3,Jun-Jul,2009,v171,QA4B,QA4B IMPORT ISSUES CY-TCC: RISING PRICES/INFLA,,NA,0 = Not mentioned 1 = Mentioned 9 = Inap. (not 33 in V6),NA,NA,NA,X,,,standard,NA
ZA4973,4973,Eurobarometer 71.3,Jun-Jul,2009,v172,QA4B,QA4B IMPORT ISSUES CY-TCC: TAXATION,,NA,0 = Not mentioned 1 = Mentioned 9 = Inap. (not 33 in V6),NA,NA,NA,X,,,standard,NA
ZA4973,4973,Eurobarometer 71.3,Jun-Jul,2009,v173,QA4B,QA4B IMPORT ISSUES CY-TCC: UNEMPLOYMENT,,NA,0 = Not mentioned 1 = Mentioned 9 = Inap. (not 33 in V6),NA,NA,NA,X,,,standard,NA
ZA4973,4973,Eurobarometer 71.3,Jun-Jul,2009,v174,QA4B,QA4B IMPORT ISSUES CY-TCC: TERRORISM,,NA,0 = Not mentioned 1 = Mentioned 9 = Inap. (not 33 in V6),NA,NA,NA,X,,,standard,NA
ZA4973,4973,Eurobarometer 71.3,Jun-Jul,2009,v175,QA4B,QA4B IMPORT ISSUES CY-TCC: CYPRUS ISSUE,,NA,0 = Not mentioned 1 = Mentioned 9 = Inap. (not 33 in V6),NA,NA,NA,X,,,standard,NA
ZA4973,4973,Eurobarometer 71.3,Jun-Jul,2009,v176,QA4B,QA4B IMPORT ISSUES CY-TCC: HOUSING,,NA,0 = Not mentioned 1 = Mentioned 9 = Inap. (not 33 in V6),NA,NA,NA,X,,,standard,NA
ZA4973,4973,Eurobarometer 71.3,Jun-Jul,2009,v177,QA4B,QA4B IMPORT ISSUES CY-TCC: IMMIGRATION,,NA,0 = Not mentioned 1 = Mentioned 9 = Inap. (not 33 in V6),NA,NA,NA,X,,,standard,NA
ZA4973,4973,Eurobarometer 71.3,Jun-Jul,2009,v178,QA4B,QA4B IMPORT ISSUES CY-TCC: HEALTHCARE SYSTEM,,NA,0 = Not mentioned 1 = Mentioned 9 = Inap. (not 33 in V6),NA,NA,NA,X,,,standard,NA
ZA4973,4973,Eurobarometer 71.3,Jun-Jul,2009,v179,QA4B,QA4B IMPORT ISSUES CY-TCC: EDUCATIONAL SYSTEM,,NA,0 = Not mentioned 1 = Mentioned 9 = Inap. (not 33 in V6),NA,NA,NA,X,,,standard,NA
ZA4973,4973,Eurobarometer 71.3,Jun-Jul,2009,v180,QA4B,QA4B IMPORT ISSUES CY-TCC: PENSIONS,,NA,0 = Not mentioned 1 = Mentioned 9 = Inap. (not 33 in V6),NA,NA,NA,X,,,standard,NA
ZA4973,4973,Eurobarometer 71.3,Jun-Jul,2009,v181,QA4B,QA4B IMPORT ISSUES CY-TCC: ENVIRONMENT PROTECT (A),,NA,0 = Not mentioned 1 = Mentioned 9 = Inap. (Split B) 99 = Inap. (not 33 in V6),NA,NA,NA,X,,,standard,NA
ZA4973,4973,Eurobarometer 71.3,Jun-Jul,2009,v182,QA4B,QA4B IMPORT ISSUES CY-TCC: THE ENVIRONMENT (B),,NA,0 = Not mentioned 1 = Mentioned 9 = Inap. (Split A) 99 = Inap. (not 33 in V6),NA,NA,NA,X,,,standard,NA
ZA4973,4973,Eurobarometer 71.3,Jun-Jul,2009,v183,QA4B,QA4B IMPORT ISSUES CY-TCC: ENERGY,,NA,0 = Not mentioned 1 = Mentioned 9 = Inap. (not 33 in V6),NA,NA,NA,X,,,standard,NA
ZA4973,4973,Eurobarometer 71.3,Jun-Jul,2009,v184,QA4B,QA4B IMPORT ISSUES CY-TCC: OTHERS,,NA,0 = Not mentioned 1 = Mentioned (not ment.) 9 = Inap. (not 33 in V6),NA,NA,NA,X,,,standard,NA
ZA4973,4973,Eurobarometer 71.3,Jun-Jul,2009,v185,QA4B,QA4B IMPORT ISSUES CY-TCC: NONE,,NA,0 = Not mentioned 1 = Mentioned (not ment.) 9 = Inap. (not 33 in V6),NA,NA,NA,X,,,standard,NA
ZA4973,4973,Eurobarometer 71.3,Jun-Jul,2009,v186,QA4B,QA4B IMPORT ISSUES CY-TCC: DK,,NA,0 = Not mentioned 1 = Mentioned 9 = Inap. (not 33 in V6),NA,NA,NA,X,,,standard,NA
ZA4973,4973,Eurobarometer 71.3,Jun-Jul,2009,v187,QA5B,QA5B IMPORT ISSUES PERS: CRIME,,NA,0 = Not mentioned 1 = Mentioned 9 = Inap. (not 33 in V6),NA,NA,NA,X,,,standard,NA
ZA4973,4973,Eurobarometer 71.3,Jun-Jul,2009,v188,QA5B,QA5B IMPORT ISSUES PERS: ECONOMIC SITUATION,,NA,0 = Not mentioned 1 = Mentioned 9 = Inap. (not 33 in V6),NA,NA,NA,X,,,standard,NA
ZA4973,4973,Eurobarometer 71.3,Jun-Jul,2009,v189,QA5B,QA5B IMPORT ISSUES PERS: RISING PRICES/INFLA,,NA,0 = Not mentioned 1 = Mentioned 9 = Inap. (not 33 in V6),NA,NA,NA,X,,,standard,NA
ZA4973,4973,Eurobarometer 71.3,Jun-Jul,2009,v190,QA5B,QA5B IMPORT ISSUES PERS: TAXATION,,NA,0 = Not mentioned 1 = Mentioned 9 = Inap. (not 33 in V6),NA,NA,NA,X,,,standard,NA
ZA4973,4973,Eurobarometer 71.3,Jun-Jul,2009,v191,QA5B,QA5B IMPORT ISSUES PERS: UNEMPLOYMENT,,NA,0 = Not mentioned 1 = Mentioned 9 = Inap. (not 33 in V6),NA,NA,NA,X,,,standard,NA
ZA4973,4973,Eurobarometer 71.3,Jun-Jul,2009,v192,QA5B,QA5B IMPORT ISSUES PERS: TERRORISM,,NA,0 = Not mentioned 1 = Mentioned 9 = Inap. (not 33 in V6),NA,NA,NA,X,,,standard,NA
ZA4973,4973,Eurobarometer 71.3,Jun-Jul,2009,v193,QA5B,QA5B IMPORT ISSUES PERS: CYPRUS ISSUE,,NA,0 = Not mentioned 1 = Mentioned 9 = Inap. (not 33 in V6),NA,NA,NA,X,,,standard,NA
ZA4973,4973,Eurobarometer 71.3,Jun-Jul,2009,v194,QA5B,QA5B IMPORT ISSUES PERS: HOUSING,,NA,0 = Not mentioned 1 = Mentioned 9 = Inap. (not 33 in V6),NA,NA,NA,X,,,standard,NA
ZA4973,4973,Eurobarometer 71.3,Jun-Jul,2009,v195,QA5B,QA5B IMPORT ISSUES PERS: IMMIGRATION,,NA,0 = Not mentioned 1 = Mentioned 9 = Inap. (not 33 in V6),NA,NA,NA,X,,,standard,NA
ZA4973,4973,Eurobarometer 71.3,Jun-Jul,2009,v196,QA5B,QA5B IMPORT ISSUES PERS: HEALTHCARE SYSTEM,,NA,0 = Not mentioned 1 = Mentioned 9 = Inap. (not 33 in V6),NA,NA,NA,X,,,standard,NA
ZA4973,4973,Eurobarometer 71.3,Jun-Jul,2009,v197,QA5B,QA5B IMPORT ISSUES PERS: EDUCATIONAL SYSTEM,,NA,0 = Not mentioned 1 = Mentioned 9 = Inap. (not 33 in V6),NA,NA,NA,X,,,standard,NA
ZA4973,4973,Eurobarometer 71.3,Jun-Jul,2009,v198,QA5B,QA5B IMPORT ISSUES PERS: PENSIONS,,NA,0 = Not mentioned 1 = Mentioned 9 = Inap. (not 33 in V6),NA,NA,NA,X,,,standard,NA
ZA4973,4973,Eurobarometer 71.3,Jun-Jul,2009,v199,QA5B,QA5B IMPORT ISSUES PERS: ENVIRONMENT PROTECT (A),,NA,0 = Not mentioned 1 = Mentioned 9 = Inap. (Split B) 99 = Inap. (not 33 in V6),NA,NA,NA,X,,,standard,NA
ZA4973,4973,Eurobarometer 71.3,Jun-Jul,2009,v200,QA5B,QA5B IMPORT ISSUES PERS: THE ENVIRONMENT (B),,NA,0 = Not mentioned 1 = Mentioned 9 = Inap. (Split A) 99 = Inap. (not 33 in V6),NA,NA,NA,X,,,standard,NA
ZA4973,4973,Eurobarometer 71.3,Jun-Jul,2009,v201,QA5B,QA5B IMPORT ISSUES PERS: ENERGY,,NA,0 = Not mentioned 1 = Mentioned 9 = Inap. (not 33 in V6),NA,NA,NA,X,,,standard,NA
ZA4973,4973,Eurobarometer 71.3,Jun-Jul,2009,v202,QA5B,QA5B IMPORT ISSUES PERS: OTHERS,,NA,0 = Not mentioned 1 = Mentioned (not ment.) 9 = Inap. (not 33 in V6),NA,NA,NA,X,,,standard,NA
ZA4973,4973,Eurobarometer 71.3,Jun-Jul,2009,v203,QA5B,QA5B IMPORT ISSUES PERS: NONE,,NA,0 = Not mentioned 1 = Mentioned (not ment.) 9 = Inap. (not 33 in V6),NA,NA,NA,X,,,standard,NA
ZA4973,4973,Eurobarometer 71.3,Jun-Jul,2009,v204,QA5B,QA5B IMPORT ISSUES PERS: DK,,NA,0 = Not mentioned 1 = Mentioned 9 = Inap. (not 33 in V6),NA,NA,NA,X,,,standard,NA
ZA4973,4973,Eurobarometer 71.3,Jun-Jul,2009,v324,QB1A,QB1A WORLD POWER - IMPORTANT ISSUES 1ST,,NA,1 = Economic power 2 = Political influence 3 = Military strength 4 = Cultural influence 5 = Other (SPONT.) 6 = None (SPONT.) 7 = DK,NA,NA,NA,X,,,standard,NA
ZA4973,4973,Eurobarometer 71.3,Jun-Jul,2009,v325,QB1B,QB1B WORLD POWER - IMPORTANT ISSUES 2ND,,NA,1 = Economic power 2 = Political influence 3 = Military strength 4 = Cultural influence 5 = Other (SPONT.) 6 = None (SPONT.) 7 = DK 9 = Inap. (not 1 to 5 in V324),NA,NA,NA,X,,,standard,NA
ZA4973,4973,Eurobarometer 71.3,Jun-Jul,2009,v796,"QA4/QA5/QA18,","SPLIT BALLOT (QA4/QA5/QA18, QB5, QC1, QF18, QH1)",,split,1 = Questionnaire Version A 2 = Questionnaire Version B,NA,NA,NA,X,,,standard,NA
ZA4994,4994,Eurobarometer 72.4,Oct-Nov,2009,v7,v7,NATION - ALL SAMPLES ISO 3166,,isocntry, = BE  = DK  = GR  = ES  = FI  = FR  = IE  = IT  = LU  = NL  = AT  = PT  = SE  = DE-W  = DE-E  = GB-GBN  = GB-NIR  = BG  = CY  = CZ  = EE  = HU  = LV  = LT  = MT  = PL  = RO  = SK  = SI  = TR  = HR  = CY-TCC  = MK,NA,NA,NA,X,,,standard,NA
ZA4994,4994,Eurobarometer 72.4,Oct-Nov,2009,v127,QA5A,QA5A IMPORT ISSUES CTRY: CRIME,,NA,0 = Not mentioned 1 = Mentioned 9 = Inap. (33 in V6),NA,NA,NA,X,,,standard,NA
ZA4994,4994,Eurobarometer 72.4,Oct-Nov,2009,v128,QA5A,QA5A IMPORT ISSUES CTRY: ECONOMIC SITUATION,,NA,0 = Not mentioned 1 = Mentioned 9 = Inap. (33 in V6),NA,NA,NA,X,,,standard,NA
ZA4994,4994,Eurobarometer 72.4,Oct-Nov,2009,v129,QA5A,QA5A IMPORT ISSUES CTRY: RISING PRICES/INFLA,,NA,0 = Not mentioned 1 = Mentioned 9 = Inap. (33 in V6),NA,NA,NA,X,,,standard,NA
ZA4994,4994,Eurobarometer 72.4,Oct-Nov,2009,v130,QA5A,QA5A IMPORT ISSUES CTRY: TAXATION,,NA,0 = Not mentioned 1 = Mentioned 9 = Inap. (33 in V6),NA,NA,NA,X,,,standard,NA
ZA4994,4994,Eurobarometer 72.4,Oct-Nov,2009,v131,QA5A,QA5A IMPORT ISSUES CTRY: UNEMPLOYMENT,,NA,0 = Not mentioned 1 = Mentioned 9 = Inap. (33 in V6),NA,NA,NA,X,,,standard,NA
ZA4994,4994,Eurobarometer 72.4,Oct-Nov,2009,v132,QA5A,QA5A IMPORT ISSUES CTRY: TERRORISM,,NA,0 = Not mentioned 1 = Mentioned 9 = Inap. (33 in V6),NA,NA,NA,X,,,standard,NA
ZA4994,4994,Eurobarometer 72.4,Oct-Nov,2009,v133,QA5A,QA5A IMPORT ISSUES CTRY: DEFENCE/FOREIGN AFF,,NA,0 = Not mentioned 1 = Mentioned 9 = Inap. (33 in V6),NA,NA,NA,X,,,standard,NA
ZA4994,4994,Eurobarometer 72.4,Oct-Nov,2009,v134,QA5A,QA5A IMPORT ISSUES CTRY: HOUSING,,NA,0 = Not mentioned 1 = Mentioned 9 = Inap. (33 in V6),NA,NA,NA,X,,,standard,NA
ZA4994,4994,Eurobarometer 72.4,Oct-Nov,2009,v135,QA5A,QA5A IMPORT ISSUES CTRY: IMMIGRATION,,NA,0 = Not mentioned 1 = Mentioned 9 = Inap. (33 in V6),NA,NA,NA,X,,,standard,NA
ZA4994,4994,Eurobarometer 72.4,Oct-Nov,2009,v136,QA5A,QA5A IMPORT ISSUES CTRY: HEALTHCARE SYSTEM,,NA,0 = Not mentioned 1 = Mentioned 9 = Inap. (33 in V6),NA,NA,NA,X,,,standard,NA
ZA4994,4994,Eurobarometer 72.4,Oct-Nov,2009,v137,QA5A,QA5A IMPORT ISSUES CTRY: EDUCATIONAL SYSTEM,,NA,0 = Not mentioned 1 = Mentioned 9 = Inap. (33 in V6),NA,NA,NA,X,,,standard,NA
ZA4994,4994,Eurobarometer 72.4,Oct-Nov,2009,v138,QA5A,QA5A IMPORT ISSUES CTRY: PENSIONS,,NA,0 = Not mentioned 1 = Mentioned 9 = Inap. (33 in V6),NA,NA,NA,X,,,standard,NA
ZA4994,4994,Eurobarometer 72.4,Oct-Nov,2009,v139,QA5A,QA5A IMPORT ISSUES CTRY: THE ENVIRONMENT,,NA,0 = Not mentioned 1 = Mentioned 9 = Inap. (33 in V6),NA,NA,NA,X,,,standard,NA
ZA4994,4994,Eurobarometer 72.4,Oct-Nov,2009,v140,QA5A,QA5A IMPORT ISSUES CTRY: ENERGY,,NA,0 = Not mentioned 1 = Mentioned 9 = Inap. (33 in V6),NA,NA,NA,X,,,standard,NA
ZA4994,4994,Eurobarometer 72.4,Oct-Nov,2009,v141,QA5A,QA5A IMPORT ISSUES CTRY: OTHERS,,NA,0 = Not mentioned 1 = Mentioned 9 = Inap. (33 in V6),NA,NA,NA,X,,,standard,NA
ZA4994,4994,Eurobarometer 72.4,Oct-Nov,2009,v142,QA5A,QA5A IMPORT ISSUES CTRY: NONE,,NA,0 = Not mentioned 1 = Mentioned 9 = Inap. (33 in V6),NA,NA,NA,X,,,standard,NA
ZA4994,4994,Eurobarometer 72.4,Oct-Nov,2009,v143,QA5A,QA5A IMPORT ISSUES CTRY: DK,,NA,0 = Not mentioned 1 = Mentioned 9 = Inap. (33 in V6),NA,NA,NA,X,,,standard,NA
ZA4994,4994,Eurobarometer 72.4,Oct-Nov,2009,v144,QA6A,QA6A IMPORT ISSUES PERS: CRIME,,NA,0 = Not mentioned 1 = Mentioned 9 = Inap. (33 in V6),NA,NA,NA,X,,,standard,NA
ZA4994,4994,Eurobarometer 72.4,Oct-Nov,2009,v145,QA6A,QA6A IMPORT ISSUES PERS: ECONOMIC SITUATION,,NA,0 = Not mentioned 1 = Mentioned 9 = Inap. (33 in V6),NA,NA,NA,X,,,standard,NA
ZA4994,4994,Eurobarometer 72.4,Oct-Nov,2009,v146,QA6A,QA6A IMPORT ISSUES PERS: RISING PRICES/INFLA,,NA,0 = Not mentioned 1 = Mentioned 9 = Inap. (33 in V6),NA,NA,NA,X,,,standard,NA
ZA4994,4994,Eurobarometer 72.4,Oct-Nov,2009,v147,QA6A,QA6A IMPORT ISSUES PERS: TAXATION,,NA,0 = Not mentioned 1 = Mentioned 9 = Inap. (33 in V6),NA,NA,NA,X,,,standard,NA
ZA4994,4994,Eurobarometer 72.4,Oct-Nov,2009,v148,QA6A,QA6A IMPORT ISSUES PERS: UNEMPLOYMENT,,NA,0 = Not mentioned 1 = Mentioned 9 = Inap. (33 in V6),NA,NA,NA,X,,,standard,NA
ZA4994,4994,Eurobarometer 72.4,Oct-Nov,2009,v149,QA6A,QA6A IMPORT ISSUES PERS: TERRORISM,,NA,0 = Not mentioned 1 = Mentioned 9 = Inap. (33 in V6),NA,NA,NA,X,,,standard,NA
ZA4994,4994,Eurobarometer 72.4,Oct-Nov,2009,v150,QA6A,QA6A IMPORT ISSUES PERS: DEFENCE/FOREIGN AFF,,NA,0 = Not mentioned 1 = Mentioned 9 = Inap. (33 in V6),NA,NA,NA,X,,,standard,NA
ZA4994,4994,Eurobarometer 72.4,Oct-Nov,2009,v151,QA6A,QA6A IMPORT ISSUES PERS: HOUSING,,NA,0 = Not mentioned 1 = Mentioned 9 = Inap. (33 in V6),NA,NA,NA,X,,,standard,NA
ZA4994,4994,Eurobarometer 72.4,Oct-Nov,2009,v152,QA6A,QA6A IMPORT ISSUES PERS: IMMIGRATION,,NA,0 = Not mentioned 1 = Mentioned 9 = Inap. (33 in V6),NA,NA,NA,X,,,standard,NA
ZA4994,4994,Eurobarometer 72.4,Oct-Nov,2009,v153,QA6A,QA6A IMPORT ISSUES PERS: HEALTHCARE SYSTEM,,NA,0 = Not mentioned 1 = Mentioned 9 = Inap. (33 in V6),NA,NA,NA,X,,,standard,NA
ZA4994,4994,Eurobarometer 72.4,Oct-Nov,2009,v154,QA6A,QA6A IMPORT ISSUES PERS: EDUCATIONAL SYSTEM,,NA,0 = Not mentioned 1 = Mentioned 9 = Inap. (33 in V6),NA,NA,NA,X,,,standard,NA
ZA4994,4994,Eurobarometer 72.4,Oct-Nov,2009,v155,QA6A,QA6A IMPORT ISSUES PERS: PENSIONS,,NA,0 = Not mentioned 1 = Mentioned 9 = Inap. (33 in V6),NA,NA,NA,X,,,standard,NA
ZA4994,4994,Eurobarometer 72.4,Oct-Nov,2009,v156,QA6A,QA6A IMPORT ISSUES PERS: THE ENVIRONMENT,,NA,0 = Not mentioned 1 = Mentioned 9 = Inap. (33 in V6),NA,NA,NA,X,,,standard,NA
ZA4994,4994,Eurobarometer 72.4,Oct-Nov,2009,v157,QA6A,QA6A IMPORT ISSUES PERS: ENERGY,,NA,0 = Not mentioned 1 = Mentioned 9 = Inap. (33 in V6),NA,NA,NA,X,,,standard,NA
ZA4994,4994,Eurobarometer 72.4,Oct-Nov,2009,v158,QA6A,QA6A IMPORT ISSUES PERS: OTHERS,,NA,0 = Not mentioned 1 = Mentioned 9 = Inap. (33 in V6),NA,NA,NA,X,,,standard,NA
ZA4994,4994,Eurobarometer 72.4,Oct-Nov,2009,v159,QA6A,QA6A IMPORT ISSUES PERS: NONE,,NA,0 = Not mentioned 1 = Mentioned 9 = Inap. (33 in V6),NA,NA,NA,X,,,standard,NA
ZA4994,4994,Eurobarometer 72.4,Oct-Nov,2009,v160,QA6A,QA6A IMPORT ISSUES PERS: DK,,NA,0 = Not mentioned 1 = Mentioned 9 = Inap. (33 in V6),NA,NA,NA,X,,,standard,NA
ZA4994,4994,Eurobarometer 72.4,Oct-Nov,2009,v161,QA5B,QA5B IMPORT ISSUES CY-TCC: CRIME,,NA,0 = Not mentioned 1 = Mentioned 9 = Inap. (not 33 in V6),NA,NA,NA,X,,,standard,NA
ZA4994,4994,Eurobarometer 72.4,Oct-Nov,2009,v162,QA5B,QA5B IMPORT ISSUES CY-TCC: ECONOMIC SITUATION,,NA,0 = Not mentioned 1 = Mentioned 9 = Inap. (not 33 in V6),NA,NA,NA,X,,,standard,NA
ZA4994,4994,Eurobarometer 72.4,Oct-Nov,2009,v163,QA5B,QA5B IMPORT ISSUES CY-TCC: RISING PRICES/INFLA,,NA,0 = Not mentioned 1 = Mentioned 9 = Inap. (not 33 in V6),NA,NA,NA,X,,,standard,NA
ZA4994,4994,Eurobarometer 72.4,Oct-Nov,2009,v164,QA5B,QA5B IMPORT ISSUES CY-TCC: TAXATION,,NA,0 = Not mentioned 1 = Mentioned 9 = Inap. (not 33 in V6),NA,NA,NA,X,,,standard,NA
ZA4994,4994,Eurobarometer 72.4,Oct-Nov,2009,v165,QA5B,QA5B IMPORT ISSUES CY-TCC: UNEMPLOYMENT,,NA,0 = Not mentioned 1 = Mentioned 9 = Inap. (not 33 in V6),NA,NA,NA,X,,,standard,NA
ZA4994,4994,Eurobarometer 72.4,Oct-Nov,2009,v166,QA5B,QA5B IMPORT ISSUES CY-TCC: TERRORISM,,NA,0 = Not mentioned 1 = Mentioned 9 = Inap. (not 33 in V6),NA,NA,NA,X,,,standard,NA
ZA4994,4994,Eurobarometer 72.4,Oct-Nov,2009,v167,QA5B,QA5B IMPORT ISSUES CY-TCC: CYPRUS ISSUE,,NA,0 = Not mentioned 1 = Mentioned 9 = Inap. (not 33 in V6),NA,NA,NA,X,,,standard,NA
ZA4994,4994,Eurobarometer 72.4,Oct-Nov,2009,v168,QA5B,QA5B IMPORT ISSUES CY-TCC: HOUSING,,NA,0 = Not mentioned 1 = Mentioned 9 = Inap. (not 33 in V6),NA,NA,NA,X,,,standard,NA
ZA4994,4994,Eurobarometer 72.4,Oct-Nov,2009,v169,QA5B,QA5B IMPORT ISSUES CY-TCC: IMMIGRATION,,NA,0 = Not mentioned 1 = Mentioned 9 = Inap. (not 33 in V6),NA,NA,NA,X,,,standard,NA
ZA4994,4994,Eurobarometer 72.4,Oct-Nov,2009,v170,QA5B,QA5B IMPORT ISSUES CY-TCC: HEALTHCARE SYSTEM,,NA,0 = Not mentioned 1 = Mentioned 9 = Inap. (not 33 in V6),NA,NA,NA,X,,,standard,NA
ZA4994,4994,Eurobarometer 72.4,Oct-Nov,2009,v171,QA5B,QA5B IMPORT ISSUES CY-TCC: EDUCATIONAL SYSTEM,,NA,0 = Not mentioned 1 = Mentioned 9 = Inap. (not 33 in V6),NA,NA,NA,X,,,standard,NA
ZA4994,4994,Eurobarometer 72.4,Oct-Nov,2009,v172,QA5B,QA5B IMPORT ISSUES CY-TCC: PENSIONS,,NA,0 = Not mentioned 1 = Mentioned 9 = Inap. (not 33 in V6),NA,NA,NA,X,,,standard,NA
ZA4994,4994,Eurobarometer 72.4,Oct-Nov,2009,v173,QA5B,QA5B IMPORT ISSUES CY-TCC: THE ENVIRONMENT,,NA,0 = Not mentioned 1 = Mentioned 9 = Inap. (not 33 in V6),NA,NA,NA,X,,,standard,NA
ZA4994,4994,Eurobarometer 72.4,Oct-Nov,2009,v174,QA5B,QA5B IMPORT ISSUES CY-TCC: ENERGY,,NA,0 = Not mentioned 1 = Mentioned 9 = Inap. (not 33 in V6),NA,NA,NA,X,,,standard,NA
ZA4994,4994,Eurobarometer 72.4,Oct-Nov,2009,v175,QA5B,QA5B IMPORT ISSUES CY-TCC: OTHERS,,NA,0 = Not mentioned 1 = Mentioned (not ment.) 9 = Inap. (not 33 in V6),NA,NA,NA,X,,,standard,NA
ZA4994,4994,Eurobarometer 72.4,Oct-Nov,2009,v176,QA5B,QA5B IMPORT ISSUES CY-TCC: NONE,,NA,0 = Not mentioned 1 = Mentioned 9 = Inap. (not 33 in V6),NA,NA,NA,X,,,standard,NA
ZA4994,4994,Eurobarometer 72.4,Oct-Nov,2009,v177,QA5B,QA5B IMPORT ISSUES CY-TCC: DK,,NA,0 = Not mentioned 1 = Mentioned 9 = Inap. (not 33 in V6),NA,NA,NA,X,,,standard,NA
ZA4994,4994,Eurobarometer 72.4,Oct-Nov,2009,v178,QA6B,QA6B IMPORT ISSUES PERS: CRIME,,NA,0 = Not mentioned 1 = Mentioned 9 = Inap. (not 33 in V6),NA,NA,NA,X,,,standard,NA
ZA4994,4994,Eurobarometer 72.4,Oct-Nov,2009,v179,QA6B,QA6B IMPORT ISSUES PERS: ECONOMIC SITUATION,,NA,0 = Not mentioned 1 = Mentioned 9 = Inap. (not 33 in V6),NA,NA,NA,X,,,standard,NA
ZA4994,4994,Eurobarometer 72.4,Oct-Nov,2009,v180,QA6B,QA6B IMPORT ISSUES PERS: RISING PRICES/INFLA,,NA,0 = Not mentioned 1 = Mentioned 9 = Inap. (not 33 in V6),NA,NA,NA,X,,,standard,NA
ZA4994,4994,Eurobarometer 72.4,Oct-Nov,2009,v181,QA6B,QA6B IMPORT ISSUES PERS: TAXATION,,NA,0 = Not mentioned 1 = Mentioned 9 = Inap. (not 33 in V6),NA,NA,NA,X,,,standard,NA
ZA4994,4994,Eurobarometer 72.4,Oct-Nov,2009,v182,QA6B,QA6B IMPORT ISSUES PERS: UNEMPLOYMENT,,NA,0 = Not mentioned 1 = Mentioned 9 = Inap. (not 33 in V6),NA,NA,NA,X,,,standard,NA
ZA4994,4994,Eurobarometer 72.4,Oct-Nov,2009,v183,QA6B,QA6B IMPORT ISSUES PERS: TERRORISM,,NA,0 = Not mentioned 1 = Mentioned 9 = Inap. (not 33 in V6),NA,NA,NA,X,,,standard,NA
ZA4994,4994,Eurobarometer 72.4,Oct-Nov,2009,v184,QA6B,QA6B IMPORT ISSUES PERS: CYPRUS ISSUE,,NA,0 = Not mentioned 1 = Mentioned 9 = Inap. (not 33 in V6),NA,NA,NA,X,,,standard,NA
ZA4994,4994,Eurobarometer 72.4,Oct-Nov,2009,v185,QA6B,QA6B IMPORT ISSUES PERS: HOUSING,,NA,0 = Not mentioned 1 = Mentioned 9 = Inap. (not 33 in V6),NA,NA,NA,X,,,standard,NA
ZA4994,4994,Eurobarometer 72.4,Oct-Nov,2009,v186,QA6B,QA6B IMPORT ISSUES PERS: IMMIGRATION,,NA,0 = Not mentioned 1 = Mentioned 9 = Inap. (not 33 in V6),NA,NA,NA,X,,,standard,NA
ZA4994,4994,Eurobarometer 72.4,Oct-Nov,2009,v187,QA6B,QA6B IMPORT ISSUES PERS: HEALTHCARE SYSTEM,,NA,0 = Not mentioned 1 = Mentioned 9 = Inap. (not 33 in V6),NA,NA,NA,X,,,standard,NA
ZA4994,4994,Eurobarometer 72.4,Oct-Nov,2009,v188,QA6B,QA6B IMPORT ISSUES PERS: EDUCATIONAL SYSTEM,,NA,0 = Not mentioned 1 = Mentioned 9 = Inap. (not 33 in V6),NA,NA,NA,X,,,standard,NA
ZA4994,4994,Eurobarometer 72.4,Oct-Nov,2009,v189,QA6B,QA6B IMPORT ISSUES PERS: PENSIONS,,NA,0 = Not mentioned 1 = Mentioned 9 = Inap. (not 33 in V6),NA,NA,NA,X,,,standard,NA
ZA4994,4994,Eurobarometer 72.4,Oct-Nov,2009,v190,QA6B,QA6B IMPORT ISSUES PERS: THE ENVIRONMENT,,NA,0 = Not mentioned 1 = Mentioned 9 = Inap. (not 33 in V6),NA,NA,NA,X,,,standard,NA
ZA4994,4994,Eurobarometer 72.4,Oct-Nov,2009,v191,QA6B,QA6B IMPORT ISSUES PERS: ENERGY,,NA,0 = Not mentioned 1 = Mentioned 9 = Inap. (not 33 in V6),NA,NA,NA,X,,,standard,NA
ZA4994,4994,Eurobarometer 72.4,Oct-Nov,2009,v192,QA6B,QA6B IMPORT ISSUES PERS: OTHERS,,NA,0 = Not mentioned 1 = Mentioned (not ment.) 9 = Inap. (not 33 in V6),NA,NA,NA,X,,,standard,NA
ZA4994,4994,Eurobarometer 72.4,Oct-Nov,2009,v193,QA6B,QA6B IMPORT ISSUES PERS: NONE,,NA,0 = Not mentioned 1 = Mentioned 9 = Inap. (not 33 in V6),NA,NA,NA,X,,,standard,NA
ZA4994,4994,Eurobarometer 72.4,Oct-Nov,2009,v194,QA6B,QA6B IMPORT ISSUES PERS: DK,,NA,0 = Not mentioned 1 = Mentioned 9 = Inap. (not 33 in V6),NA,NA,NA,X,,,standard,NA
ZA4994,4994,Eurobarometer 72.4,Oct-Nov,2009,v285,QB1A,QB1A WORLD POWER - IMPORTANT ISSUES 1ST,,NA,1 = Economic power 2 = Political influence 3 = Military strength 4 = Cultural influence 5 = Other (SPONT.) 6 = None (SPONT.) 7 = DK,NA,NA,NA,X,,,standard,NA
ZA4994,4994,Eurobarometer 72.4,Oct-Nov,2009,v286,QB1B,QB1B WORLD POWER - IMPORTANT ISSUES 2ND,,NA,1 = Economic power 2 = Political influence 3 = Military strength 4 = Cultural influence 5 = Other (SPONT.) 6 = None (SPONT.) 7 = DK 9 = Inap. (not 1 to 5 in V285),NA,NA,NA,X,,,standard,NA
ZA4994,4994,Eurobarometer 72.4,Oct-Nov,2009,v691,QA17/QB3/QC7/QC9/QD2),SPLIT (QA17/QB3/QC7/QC9/QD2),,split,1 = Questionnaire Version A 2 = Questionnaire Version B,NA,NA,NA,X,,,standard,NA
ZA5234,5234,Eurobarometer 73.4,May,2010,v7,v7,NATION - ALL SAMPLES ISO 3166,,isocntry, = BE  = DK  = GR  = ES  = FI  = FR  = IE  = IT  = LU  = NL  = AT  = PT  = SE  = DE-W  = DE-E  = GB-GBN  = GB-NIR  = BG  = CY  = CZ  = EE  = HU  = LV  = LT  = MT  = PL  = RO  = SK  = SI  = TR  = IS  = HR  = CY-TCC  = MK,NA,NA,NA,X,,,standard,NA
ZA5234,5234,Eurobarometer 73.4,May,2010,v138,QA7A,QA7A IMPORT ISSUES CTRY: CRIME,,NA,0 = Not mentioned 1 = Mentioned 9 = Inap. (33 in V6),NA,NA,NA,X,,,standard,NA
ZA5234,5234,Eurobarometer 73.4,May,2010,v139,QA7A,QA7A IMPORT ISSUES CTRY: ECONOMIC SITUATION,,NA,0 = Not mentioned 1 = Mentioned 9 = Inap. (33 in V6),NA,NA,NA,X,,,standard,NA
ZA5234,5234,Eurobarometer 73.4,May,2010,v140,QA7A,QA7A IMPORT ISSUES CTRY: RISING PRICES/INFLA,,NA,0 = Not mentioned 1 = Mentioned 9 = Inap. (33 in V6),NA,NA,NA,X,,,standard,NA
ZA5234,5234,Eurobarometer 73.4,May,2010,v141,QA7A,QA7A IMPORT ISSUES CTRY: TAXATION,,NA,0 = Not mentioned 1 = Mentioned 9 = Inap. (33 in V6),NA,NA,NA,X,,,standard,NA
ZA5234,5234,Eurobarometer 73.4,May,2010,v142,QA7A,QA7A IMPORT ISSUES CTRY: UNEMPLOYMENT,,NA,0 = Not mentioned 1 = Mentioned 9 = Inap. (33 in V6),NA,NA,NA,X,,,standard,NA
ZA5234,5234,Eurobarometer 73.4,May,2010,v143,QA7A,QA7A IMPORT ISSUES CTRY: TERRORISM,,NA,0 = Not mentioned 1 = Mentioned 9 = Inap. (33 in V6),NA,NA,NA,X,,,standard,NA
ZA5234,5234,Eurobarometer 73.4,May,2010,v144,QA7A,QA7A IMPORT ISSUES CTRY: DEFENCE/FOREIGN AFF,,NA,0 = Not mentioned 1 = Mentioned 9 = Inap. (33 in V6),NA,NA,NA,X,,,standard,NA
ZA5234,5234,Eurobarometer 73.4,May,2010,v145,QA7A,QA7A IMPORT ISSUES CTRY: HOUSING,,NA,0 = Not mentioned 1 = Mentioned 9 = Inap. (33 in V6),NA,NA,NA,X,,,standard,NA
ZA5234,5234,Eurobarometer 73.4,May,2010,v146,QA7A,QA7A IMPORT ISSUES CTRY: IMMIGRATION,,NA,0 = Not mentioned 1 = Mentioned 9 = Inap. (33 in V6),NA,NA,NA,X,,,standard,NA
ZA5234,5234,Eurobarometer 73.4,May,2010,v147,QA7A,QA7A IMPORT ISSUES CTRY: HEALTHCARE SYSTEM,,NA,0 = Not mentioned 1 = Mentioned 9 = Inap. (33 in V6),NA,NA,NA,X,,,standard,NA
ZA5234,5234,Eurobarometer 73.4,May,2010,v148,QA7A,QA7A IMPORT ISSUES CTRY: EDUCATIONAL SYSTEM,,NA,0 = Not mentioned 1 = Mentioned 9 = Inap. (33 in V6),NA,NA,NA,X,,,standard,NA
ZA5234,5234,Eurobarometer 73.4,May,2010,v149,QA7A,QA7A IMPORT ISSUES CTRY: PENSIONS,,NA,0 = Not mentioned 1 = Mentioned 9 = Inap. (33 in V6),NA,NA,NA,X,,,standard,NA
ZA5234,5234,Eurobarometer 73.4,May,2010,v150,QA7A,QA7A IMPORT ISSUES CTRY: THE ENVIRONMENT,,NA,0 = Not mentioned 1 = Mentioned 9 = Inap. (33 in V6),NA,NA,NA,X,,,standard,NA
ZA5234,5234,Eurobarometer 73.4,May,2010,v151,QA7A,QA7A IMPORT ISSUES CTRY: ENERGY,,NA,0 = Not mentioned 1 = Mentioned 9 = Inap. (33 in V6),NA,NA,NA,X,,,standard,NA
ZA5234,5234,Eurobarometer 73.4,May,2010,v152,QA7A,QA7A IMPORT ISSUES CTRY: OTHERS,,NA,0 = Not mentioned 1 = Mentioned 9 = Inap. (33 in V6),NA,NA,NA,X,,,standard,NA
ZA5234,5234,Eurobarometer 73.4,May,2010,v153,QA7A,QA7A IMPORT ISSUES CTRY: NONE,,NA,0 = Not mentioned 1 = Mentioned 9 = Inap. (33 in V6),NA,NA,NA,X,,,standard,NA
ZA5234,5234,Eurobarometer 73.4,May,2010,v154,QA7A,QA7A IMPORT ISSUES CTRY: DK,,NA,0 = Not mentioned 1 = Mentioned 9 = Inap. (33 in V6),NA,NA,NA,X,,,standard,NA
ZA5234,5234,Eurobarometer 73.4,May,2010,v155,QA8A,QA8A IMPORT ISSUES PERS: CRIME,,NA,0 = Not mentioned 1 = Mentioned 9 = Inap. (33 in V6),NA,NA,NA,X,,,standard,NA
ZA5234,5234,Eurobarometer 73.4,May,2010,v156,QA8A,QA8A IMPORT ISSUES PERS: ECONOMIC SITUATION,,NA,0 = Not mentioned 1 = Mentioned 9 = Inap. (33 in V6),NA,NA,NA,X,,,standard,NA
ZA5234,5234,Eurobarometer 73.4,May,2010,v157,QA8A,QA8A IMPORT ISSUES PERS: RISING PRICES/INFLA,,NA,0 = Not mentioned 1 = Mentioned 9 = Inap. (33 in V6),NA,NA,NA,X,,,standard,NA
ZA5234,5234,Eurobarometer 73.4,May,2010,v158,QA8A,QA8A IMPORT ISSUES PERS: TAXATION,,NA,0 = Not mentioned 1 = Mentioned 9 = Inap. (33 in V6),NA,NA,NA,X,,,standard,NA
ZA5234,5234,Eurobarometer 73.4,May,2010,v159,QA8A,QA8A IMPORT ISSUES PERS: UNEMPLOYMENT,,NA,0 = Not mentioned 1 = Mentioned 9 = Inap. (33 in V6),NA,NA,NA,X,,,standard,NA
ZA5234,5234,Eurobarometer 73.4,May,2010,v160,QA8A,QA8A IMPORT ISSUES PERS: TERRORISM,,NA,0 = Not mentioned 1 = Mentioned 9 = Inap. (33 in V6),NA,NA,NA,X,,,standard,NA
ZA5234,5234,Eurobarometer 73.4,May,2010,v161,QA8A,QA8A IMPORT ISSUES PERS: DEFENCE/FOREIGN AFF,,NA,0 = Not mentioned 1 = Mentioned 9 = Inap. (33 in V6),NA,NA,NA,X,,,standard,NA
ZA5234,5234,Eurobarometer 73.4,May,2010,v162,QA8A,QA8A IMPORT ISSUES PERS: HOUSING,,NA,0 = Not mentioned 1 = Mentioned 9 = Inap. (33 in V6),NA,NA,NA,X,,,standard,NA
ZA5234,5234,Eurobarometer 73.4,May,2010,v163,QA8A,QA8A IMPORT ISSUES PERS: IMMIGRATION,,NA,0 = Not mentioned 1 = Mentioned 9 = Inap. (33 in V6),NA,NA,NA,X,,,standard,NA
ZA5234,5234,Eurobarometer 73.4,May,2010,v164,QA8A,QA8A IMPORT ISSUES PERS: HEALTHCARE SYSTEM,,NA,0 = Not mentioned 1 = Mentioned 9 = Inap. (33 in V6),NA,NA,NA,X,,,standard,NA
ZA5234,5234,Eurobarometer 73.4,May,2010,v165,QA8A,QA8A IMPORT ISSUES PERS: EDUCATIONAL SYSTEM,,NA,0 = Not mentioned 1 = Mentioned 9 = Inap. (33 in V6),NA,NA,NA,X,,,standard,NA
ZA5234,5234,Eurobarometer 73.4,May,2010,v166,QA8A,QA8A IMPORT ISSUES PERS: PENSIONS,,NA,0 = Not mentioned 1 = Mentioned 9 = Inap. (33 in V6),NA,NA,NA,X,,,standard,NA
ZA5234,5234,Eurobarometer 73.4,May,2010,v167,QA8A,QA8A IMPORT ISSUES PERS: THE ENVIRONMENT,,NA,0 = Not mentioned 1 = Mentioned 9 = Inap. (33 in V6),NA,NA,NA,X,,,standard,NA
ZA5234,5234,Eurobarometer 73.4,May,2010,v168,QA8A,QA8A IMPORT ISSUES PERS: ENERGY,,NA,0 = Not mentioned 1 = Mentioned 9 = Inap. (33 in V6),NA,NA,NA,X,,,standard,NA
ZA5234,5234,Eurobarometer 73.4,May,2010,v169,QA8A,QA8A IMPORT ISSUES PERS: OTHERS,,NA,0 = Not mentioned 1 = Mentioned 9 = Inap. (33 in V6),NA,NA,NA,X,,,standard,NA
ZA5234,5234,Eurobarometer 73.4,May,2010,v170,QA8A,QA8A IMPORT ISSUES PERS: NONE,,NA,0 = Not mentioned 1 = Mentioned 9 = Inap. (33 in V6),NA,NA,NA,X,,,standard,NA
ZA5234,5234,Eurobarometer 73.4,May,2010,v171,QA8A,QA8A IMPORT ISSUES PERS: DK,,NA,0 = Not mentioned 1 = Mentioned 9 = Inap. (33 in V6),NA,NA,NA,X,,,standard,NA
ZA5234,5234,Eurobarometer 73.4,May,2010,v172,QA7B,QA7B IMPORT ISSUES CY-TCC: CRIME,,NA,0 = Not mentioned 1 = Mentioned 9 = Inap. (not 33 in V6),NA,NA,NA,X,,,standard,NA
ZA5234,5234,Eurobarometer 73.4,May,2010,v173,QA7B,QA7B IMPORT ISSUES CY-TCC: ECONOMIC SITUATION,,NA,0 = Not mentioned 1 = Mentioned 9 = Inap. (not 33 in V6),NA,NA,NA,X,,,standard,NA
ZA5234,5234,Eurobarometer 73.4,May,2010,v174,QA7B,QA7B IMPORT ISSUES CY-TCC: RISING PRICES/INFLA,,NA,0 = Not mentioned 1 = Mentioned 9 = Inap. (not 33 in V6),NA,NA,NA,X,,,standard,NA
ZA5234,5234,Eurobarometer 73.4,May,2010,v175,QA7B,QA7B IMPORT ISSUES CY-TCC: TAXATION,,NA,0 = Not mentioned 1 = Mentioned 9 = Inap. (not 33 in V6),NA,NA,NA,X,,,standard,NA
ZA5234,5234,Eurobarometer 73.4,May,2010,v176,QA7B,QA7B IMPORT ISSUES CY-TCC: UNEMPLOYMENT,,NA,0 = Not mentioned 1 = Mentioned 9 = Inap. (not 33 in V6),NA,NA,NA,X,,,standard,NA
ZA5234,5234,Eurobarometer 73.4,May,2010,v177,QA7B,QA7B IMPORT ISSUES CY-TCC: TERRORISM,,NA,0 = Not mentioned 1 = Mentioned 9 = Inap. (not 33 in V6),NA,NA,NA,X,,,standard,NA
ZA5234,5234,Eurobarometer 73.4,May,2010,v178,QA7B,QA7B IMPORT ISSUES CY-TCC: CYPRUS ISSUE,,NA,0 = Not mentioned 1 = Mentioned 9 = Inap. (not 33 in V6),NA,NA,NA,X,,,standard,NA
ZA5234,5234,Eurobarometer 73.4,May,2010,v179,QA7B,QA7B IMPORT ISSUES CY-TCC: HOUSING,,NA,0 = Not mentioned 1 = Mentioned 9 = Inap. (not 33 in V6),NA,NA,NA,X,,,standard,NA
ZA5234,5234,Eurobarometer 73.4,May,2010,v180,QA7B,QA7B IMPORT ISSUES CY-TCC: IMMIGRATION,,NA,0 = Not mentioned 1 = Mentioned 9 = Inap. (not 33 in V6),NA,NA,NA,X,,,standard,NA
ZA5234,5234,Eurobarometer 73.4,May,2010,v181,QA7B,QA7B IMPORT ISSUES CY-TCC: HEALTHCARE SYSTEM,,NA,0 = Not mentioned 1 = Mentioned 9 = Inap. (not 33 in V6),NA,NA,NA,X,,,standard,NA
ZA5234,5234,Eurobarometer 73.4,May,2010,v182,QA7B,QA7B IMPORT ISSUES CY-TCC: EDUCATIONAL SYSTEM,,NA,0 = Not mentioned 1 = Mentioned 9 = Inap. (not 33 in V6),NA,NA,NA,X,,,standard,NA
ZA5234,5234,Eurobarometer 73.4,May,2010,v183,QA7B,QA7B IMPORT ISSUES CY-TCC: PENSIONS,,NA,0 = Not mentioned 1 = Mentioned 9 = Inap. (not 33 in V6),NA,NA,NA,X,,,standard,NA
ZA5234,5234,Eurobarometer 73.4,May,2010,v184,QA7B,QA7B IMPORT ISSUES CY-TCC: THE ENVIRONMENT,,NA,0 = Not mentioned 1 = Mentioned 9 = Inap. (not 33 in V6),NA,NA,NA,X,,,standard,NA
ZA5234,5234,Eurobarometer 73.4,May,2010,v185,QA7B,QA7B IMPORT ISSUES CY-TCC: ENERGY,,NA,0 = Not mentioned 1 = Mentioned 9 = Inap. (not 33 in V6),NA,NA,NA,X,,,standard,NA
ZA5234,5234,Eurobarometer 73.4,May,2010,v186,QA7B,QA7B IMPORT ISSUES CY-TCC: OTHERS,,NA,0 = Not mentioned 1 = Mentioned (not ment.) 9 = Inap. (not 33 in V6),NA,NA,NA,X,,,standard,NA
ZA5234,5234,Eurobarometer 73.4,May,2010,v187,QA7B,QA7B IMPORT ISSUES CY-TCC: NONE,,NA,0 = Not mentioned 1 = Mentioned 9 = Inap. (not 33 in V6),NA,NA,NA,X,,,standard,NA
ZA5234,5234,Eurobarometer 73.4,May,2010,v188,QA7B,QA7B IMPORT ISSUES CY-TCC: DK,,NA,0 = Not mentioned 1 = Mentioned 9 = Inap. (not 33 in V6),NA,NA,NA,X,,,standard,NA
ZA5234,5234,Eurobarometer 73.4,May,2010,v189,QA8B,QA8B IMPORT ISSUES PERS: CRIME,,NA,0 = Not mentioned 1 = Mentioned 9 = Inap. (not 33 in V6),NA,NA,NA,X,,,standard,NA
ZA5234,5234,Eurobarometer 73.4,May,2010,v190,QA8B,QA8B IMPORT ISSUES PERS: ECONOMIC SITUATION,,NA,0 = Not mentioned 1 = Mentioned 9 = Inap. (not 33 in V6),NA,NA,NA,X,,,standard,NA
ZA5234,5234,Eurobarometer 73.4,May,2010,v191,QA8B,QA8B IMPORT ISSUES PERS: RISING PRICES/INFLA,,NA,0 = Not mentioned 1 = Mentioned 9 = Inap. (not 33 in V6),NA,NA,NA,X,,,standard,NA
ZA5234,5234,Eurobarometer 73.4,May,2010,v192,QA8B,QA8B IMPORT ISSUES PERS: TAXATION,,NA,0 = Not mentioned 1 = Mentioned 9 = Inap. (not 33 in V6),NA,NA,NA,X,,,standard,NA
ZA5234,5234,Eurobarometer 73.4,May,2010,v193,QA8B,QA8B IMPORT ISSUES PERS: UNEMPLOYMENT,,NA,0 = Not mentioned 1 = Mentioned 9 = Inap. (not 33 in V6),NA,NA,NA,X,,,standard,NA
ZA5234,5234,Eurobarometer 73.4,May,2010,v194,QA8B,QA8B IMPORT ISSUES PERS: TERRORISM,,NA,0 = Not mentioned 1 = Mentioned 9 = Inap. (not 33 in V6),NA,NA,NA,X,,,standard,NA
ZA5234,5234,Eurobarometer 73.4,May,2010,v195,QA8B,QA8B IMPORT ISSUES PERS: CYPRUS ISSUE,,NA,0 = Not mentioned 1 = Mentioned 9 = Inap. (not 33 in V6),NA,NA,NA,X,,,standard,NA
ZA5234,5234,Eurobarometer 73.4,May,2010,v196,QA8B,QA8B IMPORT ISSUES PERS: HOUSING,,NA,0 = Not mentioned 1 = Mentioned 9 = Inap. (not 33 in V6),NA,NA,NA,X,,,standard,NA
ZA5234,5234,Eurobarometer 73.4,May,2010,v197,QA8B,QA8B IMPORT ISSUES PERS: IMMIGRATION,,NA,0 = Not mentioned 1 = Mentioned 9 = Inap. (not 33 in V6),NA,NA,NA,X,,,standard,NA
ZA5234,5234,Eurobarometer 73.4,May,2010,v198,QA8B,QA8B IMPORT ISSUES PERS: HEALTHCARE SYSTEM,,NA,0 = Not mentioned 1 = Mentioned 9 = Inap. (not 33 in V6),NA,NA,NA,X,,,standard,NA
ZA5234,5234,Eurobarometer 73.4,May,2010,v199,QA8B,QA8B IMPORT ISSUES PERS: EDUCATIONAL SYSTEM,,NA,0 = Not mentioned 1 = Mentioned 9 = Inap. (not 33 in V6),NA,NA,NA,X,,,standard,NA
ZA5234,5234,Eurobarometer 73.4,May,2010,v200,QA8B,QA8B IMPORT ISSUES PERS: PENSIONS,,NA,0 = Not mentioned 1 = Mentioned 9 = Inap. (not 33 in V6),NA,NA,NA,X,,,standard,NA
ZA5234,5234,Eurobarometer 73.4,May,2010,v201,QA8B,QA8B IMPORT ISSUES PERS: THE ENVIRONMENT,,NA,0 = Not mentioned 1 = Mentioned 9 = Inap. (not 33 in V6),NA,NA,NA,X,,,standard,NA
ZA5234,5234,Eurobarometer 73.4,May,2010,v202,QA8B,QA8B IMPORT ISSUES PERS: ENERGY,,NA,0 = Not mentioned 1 = Mentioned 9 = Inap. (not 33 in V6),NA,NA,NA,X,,,standard,NA
ZA5234,5234,Eurobarometer 73.4,May,2010,v203,QA8B,QA8B IMPORT ISSUES PERS: OTHERS,,NA,0 = Not mentioned 1 = Mentioned (not ment.) 9 = Inap. (not 33 in V6),NA,NA,NA,X,,,standard,NA
ZA5234,5234,Eurobarometer 73.4,May,2010,v204,QA8B,QA8B IMPORT ISSUES PERS: NONE,,NA,0 = Not mentioned 1 = Mentioned 9 = Inap. (not 33 in V6),NA,NA,NA,X,,,standard,NA
ZA5234,5234,Eurobarometer 73.4,May,2010,v205,QA8B,QA8B IMPORT ISSUES PERS: DK,,NA,0 = Not mentioned 1 = Mentioned 9 = Inap. (not 33 in V6),NA,NA,NA,X,,,standard,NA
ZA5234,5234,Eurobarometer 73.4,May,2010,v678,split,"SPLIT (QB3, QB8, QD1)",,NA,1 = Questionnaire Version A 2 = Questionnaire Version B,NA,NA,NA,X,,,standard,NA
ZA5449,5449,Eurobarometer 74.2,Nov-Dec,2010,v7,v7,NATION - ALL SAMPLES ISO 3166,,isocntry, = BE  = DK  = GR  = ES  = FI  = FR  = IE  = IT  = LU  = NL  = AT  = PT  = SE  = DE-W  = DE-E  = GB-GBN  = GB-NIR  = BG  = CY  = CZ  = EE  = HU  = LV  = LT  = MT  = PL  = RO  = SK  = SI  = TR  = IS  = HR  = CY-TCC  = MK,NA,NA,NA,X,,X,standard,NA
ZA5449,5449,Eurobarometer 74.2,Nov-Dec,2010,v122,QA6A1,QA6A1 IMPORT ISSUES CTRY: CRIME,,NA,0 = Not mentioned 1 = Mentioned 9 = Inap. (Split B) 99 = Inap. (33 in V6),NA,NA,NA,X,,X,standard,NA
ZA5449,5449,Eurobarometer 74.2,Nov-Dec,2010,v123,QA6A1,QA6A1 IMPORT ISSUES CTRY: ECONOMIC SITUATION,,NA,0 = Not mentioned 1 = Mentioned 9 = Inap. (Split B) 99 = Inap. (33 in V6),NA,NA,NA,X,,X,standard,NA
ZA5449,5449,Eurobarometer 74.2,Nov-Dec,2010,v124,QA6A1,QA6A1 IMPORT ISSUES CTRY: RISING PRICES/INFLA,,NA,0 = Not mentioned 1 = Mentioned 9 = Inap. (Split B) 99 = Inap. (33 in V6),NA,NA,NA,X,,X,standard,NA
ZA5449,5449,Eurobarometer 74.2,Nov-Dec,2010,v125,QA6A1,QA6A1 IMPORT ISSUES CTRY: TAXATION,,NA,0 = Not mentioned 1 = Mentioned 9 = Inap. (Split B) 99 = Inap. (33 in V6),NA,NA,NA,X,,X,standard,NA
ZA5449,5449,Eurobarometer 74.2,Nov-Dec,2010,v126,QA6A1,QA6A1 IMPORT ISSUES CTRY: UNEMPLOYMENT,,NA,0 = Not mentioned 1 = Mentioned 9 = Inap. (Split B) 99 = Inap. (33 in V6),NA,NA,NA,X,,X,standard,NA
ZA5449,5449,Eurobarometer 74.2,Nov-Dec,2010,v127,QA6A1,QA6A1 IMPORT ISSUES CTRY: TERRORISM,,NA,0 = Not mentioned 1 = Mentioned 9 = Inap. (Split B) 99 = Inap. (33 in V6),NA,NA,NA,X,,X,standard,NA
ZA5449,5449,Eurobarometer 74.2,Nov-Dec,2010,v128,QA6A1,QA6A1 IMPORT ISSUES CTRY: DEFENCE/FOREIGN AFF,,NA,0 = Not mentioned 1 = Mentioned 9 = Inap. (Split B) 99 = Inap. (33 in V6),NA,NA,NA,X,,X,standard,NA
ZA5449,5449,Eurobarometer 74.2,Nov-Dec,2010,v129,QA6A1,QA6A1 IMPORT ISSUES CTRY: HOUSING,,NA,0 = Not mentioned 1 = Mentioned 9 = Inap. (Split B) 99 = Inap. (33 in V6),NA,NA,NA,X,,X,standard,NA
ZA5449,5449,Eurobarometer 74.2,Nov-Dec,2010,v130,QA6A1,QA6A1 IMPORT ISSUES CTRY: IMMIGRATION,,NA,0 = Not mentioned 1 = Mentioned 9 = Inap. (Split B) 99 = Inap. (33 in V6),NA,NA,NA,X,,X,standard,NA
ZA5449,5449,Eurobarometer 74.2,Nov-Dec,2010,v131,QA6A1,QA6A1 IMPORT ISSUES CTRY: HEALTHCARE SYSTEM,,NA,0 = Not mentioned 1 = Mentioned 9 = Inap. (Split B) 99 = Inap. (33 in V6),NA,NA,NA,X,,X,standard,NA
ZA5449,5449,Eurobarometer 74.2,Nov-Dec,2010,v132,QA6A1,QA6A1 IMPORT ISSUES CTRY: EDUCATIONAL SYSTEM,,NA,0 = Not mentioned 1 = Mentioned 9 = Inap. (Split B) 99 = Inap. (33 in V6),NA,NA,NA,X,,X,standard,NA
ZA5449,5449,Eurobarometer 74.2,Nov-Dec,2010,v133,QA6A1,QA6A1 IMPORT ISSUES CTRY: PENSIONS,,NA,0 = Not mentioned 1 = Mentioned 9 = Inap. (Split B) 99 = Inap. (33 in V6),NA,NA,NA,X,,X,standard,NA
ZA5449,5449,Eurobarometer 74.2,Nov-Dec,2010,v134,QA6A1,QA6A1 IMPORT ISSUES CTRY: THE ENVIRONMENT,,NA,0 = Not mentioned 1 = Mentioned 9 = Inap. (Split B) 99 = Inap. (33 in V6),NA,NA,NA,X,,X,standard,NA
ZA5449,5449,Eurobarometer 74.2,Nov-Dec,2010,v135,QA6A1,QA6A1 IMPORT ISSUES CTRY: ENERGY,,NA,0 = Not mentioned 1 = Mentioned 9 = Inap. (Split B) 99 = Inap. (33 in V6),NA,NA,NA,X,,X,standard,NA
ZA5449,5449,Eurobarometer 74.2,Nov-Dec,2010,v136,QA6A1,QA6A1 IMPORT ISSUES CTRY: OTHERS,,NA,0 = Not mentioned 1 = Mentioned 9 = Inap. (Split B) 99 = Inap. (33 in V6),NA,NA,NA,X,,X,standard,NA
ZA5449,5449,Eurobarometer 74.2,Nov-Dec,2010,v137,QA6A1,QA6A1 IMPORT ISSUES CTRY: NONE,,NA,0 = Not mentioned 1 = Mentioned 9 = Inap. (Split B) 99 = Inap. (33 in V6),NA,NA,NA,X,,X,standard,NA
ZA5449,5449,Eurobarometer 74.2,Nov-Dec,2010,v138,QA6A1,QA6A1 IMPORT ISSUES CTRY: DK,,NA,0 = Not mentioned 1 = Mentioned 9 = Inap. (Split B) 99 = Inap. (33 in V6),NA,NA,NA,X,,X,standard,NA
ZA5449,5449,Eurobarometer 74.2,Nov-Dec,2010,v139,QA7A1,QA7A1 IMPORT ISSUES PERS: CRIME,,NA,0 = Not mentioned 1 = Mentioned 9 = Inap. (Split B) 99 = Inap. (33 in V6),NA,NA,NA,X,,X,standard,NA
ZA5449,5449,Eurobarometer 74.2,Nov-Dec,2010,v140,QA7A1,QA7A1 IMPORT ISSUES PERS: ECONOMIC SITUATION,,NA,0 = Not mentioned 1 = Mentioned 9 = Inap. (Split B) 99 = Inap. (33 in V6),NA,NA,NA,X,,X,standard,NA
ZA5449,5449,Eurobarometer 74.2,Nov-Dec,2010,v141,QA7A1,QA7A1 IMPORT ISSUES PERS: RISING PRICES/INFLA,,NA,0 = Not mentioned 1 = Mentioned 9 = Inap. (Split B) 99 = Inap. (33 in V6),NA,NA,NA,X,,X,standard,NA
ZA5449,5449,Eurobarometer 74.2,Nov-Dec,2010,v142,QA7A1,QA7A1 IMPORT ISSUES PERS: TAXATION,,NA,0 = Not mentioned 1 = Mentioned 9 = Inap. (Split B) 99 = Inap. (33 in V6),NA,NA,NA,X,,X,standard,NA
ZA5449,5449,Eurobarometer 74.2,Nov-Dec,2010,v143,QA7A1,QA7A1 IMPORT ISSUES PERS: UNEMPLOYMENT,,NA,0 = Not mentioned 1 = Mentioned 9 = Inap. (Split B) 99 = Inap. (33 in V6),NA,NA,NA,X,,X,standard,NA
ZA5449,5449,Eurobarometer 74.2,Nov-Dec,2010,v144,QA7A1,QA7A1 IMPORT ISSUES PERS: TERRORISM,,NA,0 = Not mentioned 1 = Mentioned 9 = Inap. (Split B) 99 = Inap. (33 in V6),NA,NA,NA,X,,X,standard,NA
ZA5449,5449,Eurobarometer 74.2,Nov-Dec,2010,v145,QA7A1,QA7A1 IMPORT ISSUES PERS: DEFENCE/FOREIGN AFF,,NA,0 = Not mentioned 1 = Mentioned 9 = Inap. (Split B) 99 = Inap. (33 in V6),NA,NA,NA,X,,X,standard,NA
ZA5449,5449,Eurobarometer 74.2,Nov-Dec,2010,v146,QA7A1,QA7A1 IMPORT ISSUES PERS: HOUSING,,NA,0 = Not mentioned 1 = Mentioned 9 = Inap. (Split B) 99 = Inap. (33 in V6),NA,NA,NA,X,,X,standard,NA
ZA5449,5449,Eurobarometer 74.2,Nov-Dec,2010,v147,QA7A1,QA7A1 IMPORT ISSUES PERS: IMMIGRATION,,NA,0 = Not mentioned 1 = Mentioned 9 = Inap. (Split B) 99 = Inap. (33 in V6),NA,NA,NA,X,,X,standard,NA
ZA5449,5449,Eurobarometer 74.2,Nov-Dec,2010,v148,QA7A1,QA7A1 IMPORT ISSUES PERS: HEALTHCARE SYSTEM,,NA,0 = Not mentioned 1 = Mentioned 9 = Inap. (Split B) 99 = Inap. (33 in V6),NA,NA,NA,X,,X,standard,NA
ZA5449,5449,Eurobarometer 74.2,Nov-Dec,2010,v149,QA7A1,QA7A1 IMPORT ISSUES PERS: EDUCATIONAL SYSTEM,,NA,0 = Not mentioned 1 = Mentioned 9 = Inap. (Split B) 99 = Inap. (33 in V6),NA,NA,NA,X,,X,standard,NA
ZA5449,5449,Eurobarometer 74.2,Nov-Dec,2010,v150,QA7A1,QA7A1 IMPORT ISSUES PERS: PENSIONS,,NA,0 = Not mentioned 1 = Mentioned 9 = Inap. (Split B) 99 = Inap. (33 in V6),NA,NA,NA,X,,X,standard,NA
ZA5449,5449,Eurobarometer 74.2,Nov-Dec,2010,v151,QA7A1,QA7A1 IMPORT ISSUES PERS: THE ENVIRONMENT,,NA,0 = Not mentioned 1 = Mentioned 9 = Inap. (Split B) 99 = Inap. (33 in V6),NA,NA,NA,X,,X,standard,NA
ZA5449,5449,Eurobarometer 74.2,Nov-Dec,2010,v152,QA7A1,QA7A1 IMPORT ISSUES PERS: ENERGY,,NA,0 = Not mentioned 1 = Mentioned 9 = Inap. (Split B) 99 = Inap. (33 in V6),NA,NA,NA,X,,X,standard,NA
ZA5449,5449,Eurobarometer 74.2,Nov-Dec,2010,v153,QA7A1,QA7A1 IMPORT ISSUES PERS: OTHERS,,NA,0 = Not mentioned 1 = Mentioned 9 = Inap. (Split B) 99 = Inap. (33 in V6),NA,NA,NA,X,,X,standard,NA
ZA5449,5449,Eurobarometer 74.2,Nov-Dec,2010,v154,QA7A1,QA7A1 IMPORT ISSUES PERS: NONE,,NA,0 = Not mentioned 1 = Mentioned 9 = Inap. (Split B) 99 = Inap. (33 in V6),NA,NA,NA,X,,X,standard,NA
ZA5449,5449,Eurobarometer 74.2,Nov-Dec,2010,v155,QA7A1,QA7A1 IMPORT ISSUES PERS: DK,,NA,0 = Not mentioned 1 = Mentioned 9 = Inap. (Split B) 99 = Inap. (33 in V6),NA,NA,NA,X,,X,standard,NA
ZA5449,5449,Eurobarometer 74.2,Nov-Dec,2010,v156,QA6A2,QA6A2 IMPORT ISSUES CTRY: CRIME,,NA,0 = Not mentioned 1 = Mentioned 9 = Inap. (Split A) 99 = Inap. (33 in V6),NA,NA,NA,X,,X,standard,NA
ZA5449,5449,Eurobarometer 74.2,Nov-Dec,2010,v157,QA6A2,QA6A2 IMPORT ISSUES CTRY: ECONOMIC SITUATION,,NA,0 = Not mentioned 1 = Mentioned 9 = Inap. (Split A) 99 = Inap. (33 in V6),NA,NA,NA,X,,X,standard,NA
ZA5449,5449,Eurobarometer 74.2,Nov-Dec,2010,v158,QA6A2,QA6A2 IMPORT ISSUES CTRY: RISING PRICES/INFLA,,NA,0 = Not mentioned 1 = Mentioned 9 = Inap. (Split A) 99 = Inap. (33 in V6),NA,NA,NA,X,,X,standard,NA
ZA5449,5449,Eurobarometer 74.2,Nov-Dec,2010,v159,QA6A2,QA6A2 IMPORT ISSUES CTRY: TAXATION,,NA,0 = Not mentioned 1 = Mentioned 9 = Inap. (Split A) 99 = Inap. (33 in V6),NA,NA,NA,X,,X,standard,NA
ZA5449,5449,Eurobarometer 74.2,Nov-Dec,2010,v160,QA6A2,QA6A2 IMPORT ISSUES CTRY: UNEMPLOYMENT,,NA,0 = Not mentioned 1 = Mentioned 9 = Inap. (Split A) 99 = Inap. (33 in V6),NA,NA,NA,X,,X,standard,NA
ZA5449,5449,Eurobarometer 74.2,Nov-Dec,2010,v161,QA6A2,QA6A2 IMPORT ISSUES CTRY: TERRORISM,,NA,0 = Not mentioned 1 = Mentioned 9 = Inap. (Split A) 99 = Inap. (33 in V6),NA,NA,NA,X,,X,standard,NA
ZA5449,5449,Eurobarometer 74.2,Nov-Dec,2010,v162,QA6A2,QA6A2 IMPORT ISSUES CTRY: CNTRY EXT INFLUENCE,,NA,0 = Not mentioned 1 = Mentioned 9 = Inap. (Split A) 99 = Inap. (33 in V6),NA,NA,NA,X,,X,standard,NA
ZA5449,5449,Eurobarometer 74.2,Nov-Dec,2010,v163,QA6A2,QA6A2 IMPORT ISSUES CTRY: GOVERNMENT DEBT,,NA,0 = Not mentioned 1 = Mentioned 9 = Inap. (Split A) 99 = Inap. (33 in V6),NA,NA,NA,X,,X,standard,NA
ZA5449,5449,Eurobarometer 74.2,Nov-Dec,2010,v164,QA6A2,QA6A2 IMPORT ISSUES CTRY: IMMIGRATION,,NA,0 = Not mentioned 1 = Mentioned 9 = Inap. (Split A) 99 = Inap. (33 in V6),NA,NA,NA,X,,X,standard,NA
ZA5449,5449,Eurobarometer 74.2,Nov-Dec,2010,v165,QA6A2,QA6A2 IMPORT ISSUES CTRY: HEALTHCARE SYSTEM,,NA,0 = Not mentioned 1 = Mentioned 9 = Inap. (Split A) 99 = Inap. (33 in V6),NA,NA,NA,X,,X,standard,NA
ZA5449,5449,Eurobarometer 74.2,Nov-Dec,2010,v166,QA6A2,QA6A2 IMPORT ISSUES CTRY: EDUCATIONAL SYSTEM,,NA,0 = Not mentioned 1 = Mentioned 9 = Inap. (Split A) 99 = Inap. (33 in V6),NA,NA,NA,X,,X,standard,NA
ZA5449,5449,Eurobarometer 74.2,Nov-Dec,2010,v167,QA6A2,QA6A2 IMPORT ISSUES CTRY: PENSIONS,,NA,0 = Not mentioned 1 = Mentioned 9 = Inap. (Split A) 99 = Inap. (33 in V6),NA,NA,NA,X,,X,standard,NA
ZA5449,5449,Eurobarometer 74.2,Nov-Dec,2010,v168,QA6A2,QA6A2 IMPORT ISSUES CTRY: THE ENVIRONMENT,,NA,0 = Not mentioned 1 = Mentioned 9 = Inap. (Split A) 99 = Inap. (33 in V6),NA,NA,NA,X,,X,standard,NA
ZA5449,5449,Eurobarometer 74.2,Nov-Dec,2010,v169,QA6A2,QA6A2 IMPORT ISSUES CTRY: ENERGY SUPPLY,,NA,0 = Not mentioned 1 = Mentioned 9 = Inap. (Split A) 99 = Inap. (33 in V6),NA,NA,NA,X,,X,standard,NA
ZA5449,5449,Eurobarometer 74.2,Nov-Dec,2010,v170,QA6A2,QA6A2 IMPORT ISSUES CTRY: CLIMATE CHANGE,,NA,0 = Not mentioned 1 = Mentioned 9 = Inap. (Split A) 99 = Inap. (33 in V6),NA,NA,NA,X,,X,standard,NA
ZA5449,5449,Eurobarometer 74.2,Nov-Dec,2010,v171,QA6A2,QA6A2 IMPORT ISSUES CTRY: OTHERS,,NA,0 = Not mentioned 1 = Mentioned 9 = Inap. (Split A) 99 = Inap. (33 in V6),NA,NA,NA,X,,X,standard,NA
ZA5449,5449,Eurobarometer 74.2,Nov-Dec,2010,v172,QA6A2,QA6A2 IMPORT ISSUES CTRY: NONE,,NA,0 = Not mentioned 1 = Mentioned 9 = Inap. (Split A) 99 = Inap. (33 in V6),NA,NA,NA,X,,X,standard,NA
ZA5449,5449,Eurobarometer 74.2,Nov-Dec,2010,v173,QA6A2,QA6A2 IMPORT ISSUES CTRY: DK,,NA,0 = Not mentioned 1 = Mentioned 9 = Inap. (Split A) 99 = Inap. (33 in V6),NA,NA,NA,X,,X,standard,NA
ZA5449,5449,Eurobarometer 74.2,Nov-Dec,2010,v174,QA7A2,QA7A2 IMPORT ISSUES PERS: CRIME,,NA,0 = Not mentioned 1 = Mentioned 9 = Inap. (Split A) 99 = Inap. (33 in V6),NA,NA,NA,X,,X,standard,NA
ZA5449,5449,Eurobarometer 74.2,Nov-Dec,2010,v175,QA7A2,QA7A2 IMPORT ISSUES PERS: ECONOMIC SITUATION,,NA,0 = Not mentioned 1 = Mentioned 9 = Inap. (Split A) 99 = Inap. (33 in V6),NA,NA,NA,X,,X,standard,NA
ZA5449,5449,Eurobarometer 74.2,Nov-Dec,2010,v176,QA7A2,QA7A2 IMPORT ISSUES PERS: RISING PRICES/INFLA,,NA,0 = Not mentioned 1 = Mentioned 9 = Inap. (Split A) 99 = Inap. (33 in V6),NA,NA,NA,X,,X,standard,NA
ZA5449,5449,Eurobarometer 74.2,Nov-Dec,2010,v177,QA7A2,QA7A2 IMPORT ISSUES PERS: TAXATION,,NA,0 = Not mentioned 1 = Mentioned 9 = Inap. (Split A) 99 = Inap. (33 in V6),NA,NA,NA,X,,X,standard,NA
ZA5449,5449,Eurobarometer 74.2,Nov-Dec,2010,v178,QA7A2,QA7A2 IMPORT ISSUES PERS: UNEMPLOYMENT,,NA,0 = Not mentioned 1 = Mentioned 9 = Inap. (Split A) 99 = Inap. (33 in V6),NA,NA,NA,X,,X,standard,NA
ZA5449,5449,Eurobarometer 74.2,Nov-Dec,2010,v179,QA7A2,QA7A2 IMPORT ISSUES PERS: TERRORISM,,NA,0 = Not mentioned 1 = Mentioned 9 = Inap. (Split A) 99 = Inap. (33 in V6),NA,NA,NA,X,,X,standard,NA
ZA5449,5449,Eurobarometer 74.2,Nov-Dec,2010,v180,QA7A2,QA7A2 IMPORT ISSUES PERS: CNTRY EXT INFLUENCE,,NA,0 = Not mentioned 1 = Mentioned 9 = Inap. (Split A) 99 = Inap. (33 in V6),NA,NA,NA,X,,X,standard,NA
ZA5449,5449,Eurobarometer 74.2,Nov-Dec,2010,v181,QA7A2,QA7A2 IMPORT ISSUES PERS: PRIVATE DEBT,,NA,0 = Not mentioned 1 = Mentioned 9 = Inap. (Split A) 99 = Inap. (33 in V6),NA,NA,NA,X,,X,standard,NA
ZA5449,5449,Eurobarometer 74.2,Nov-Dec,2010,v182,QA7A2,QA7A2 IMPORT ISSUES PERS: IMMIGRATION,,NA,0 = Not mentioned 1 = Mentioned 9 = Inap. (Split A) 99 = Inap. (33 in V6),NA,NA,NA,X,,X,standard,NA
ZA5449,5449,Eurobarometer 74.2,Nov-Dec,2010,v183,QA7A2,QA7A2 IMPORT ISSUES PERS: HEALTHCARE SYSTEM,,NA,0 = Not mentioned 1 = Mentioned 9 = Inap. (Split A) 99 = Inap. (33 in V6),NA,NA,NA,X,,X,standard,NA
ZA5449,5449,Eurobarometer 74.2,Nov-Dec,2010,v184,QA7A2,QA7A2 IMPORT ISSUES PERS: EDUCATIONAL SYSTEM,,NA,0 = Not mentioned 1 = Mentioned 9 = Inap. (Split A) 99 = Inap. (33 in V6),NA,NA,NA,X,,X,standard,NA
ZA5449,5449,Eurobarometer 74.2,Nov-Dec,2010,v185,QA7A2,QA7A2 IMPORT ISSUES PERS: PENSIONS,,NA,0 = Not mentioned 1 = Mentioned 9 = Inap. (Split A) 99 = Inap. (33 in V6),NA,NA,NA,X,,X,standard,NA
ZA5449,5449,Eurobarometer 74.2,Nov-Dec,2010,v186,QA7A2,QA7A2 IMPORT ISSUES PERS: THE ENVIRONMENT,,NA,0 = Not mentioned 1 = Mentioned 9 = Inap. (Split A) 99 = Inap. (33 in V6),NA,NA,NA,X,,X,standard,NA
ZA5449,5449,Eurobarometer 74.2,Nov-Dec,2010,v187,QA7A2,QA7A2 IMPORT ISSUES PERS: ENERGY COSTS,,NA,0 = Not mentioned 1 = Mentioned 9 = Inap. (Split A) 99 = Inap. (33 in V6),NA,NA,NA,X,,X,standard,NA
ZA5449,5449,Eurobarometer 74.2,Nov-Dec,2010,v188,QA7A2,QA7A2 IMPORT ISSUES PERS: CLIMATE CHANGE,,NA,0 = Not mentioned 1 = Mentioned 9 = Inap. (Split A) 99 = Inap. (33 in V6),NA,NA,NA,X,,X,standard,NA
ZA5449,5449,Eurobarometer 74.2,Nov-Dec,2010,v189,QA7A2,QA7A2 IMPORT ISSUES PERS: OTHERS,,NA,0 = Not mentioned 1 = Mentioned 9 = Inap. (Split A) 99 = Inap. (33 in V6),NA,NA,NA,X,,X,standard,NA
ZA5449,5449,Eurobarometer 74.2,Nov-Dec,2010,v190,QA7A2,QA7A2 IMPORT ISSUES PERS: NONE,,NA,0 = Not mentioned 1 = Mentioned 9 = Inap. (Split A) 99 = Inap. (33 in V6),NA,NA,NA,X,,X,standard,NA
ZA5449,5449,Eurobarometer 74.2,Nov-Dec,2010,v191,QA7A2,QA7A2 IMPORT ISSUES PERS: DK,,NA,0 = Not mentioned 1 = Mentioned 9 = Inap. (Split A) 99 = Inap. (33 in V6),NA,NA,NA,X,,X,standard,NA
ZA5449,5449,Eurobarometer 74.2,Nov-Dec,2010,v192,QA6B1,QA6B1 IMPORT ISSUES CY-TCC: CRIME,,NA,0 = Not mentioned 1 = Mentioned 9 = Inap. (Split B) 99 = Inap. (not 33 in V6),NA,NA,NA,X,,X,standard,NA
ZA5449,5449,Eurobarometer 74.2,Nov-Dec,2010,v193,QA6B1,QA6B1 IMPORT ISSUES CY-TCC: ECONOMIC SITUATION,,NA,0 = Not mentioned 1 = Mentioned 9 = Inap. (Split B) 99 = Inap. (not 33 in V6),NA,NA,NA,X,,X,standard,NA
ZA5449,5449,Eurobarometer 74.2,Nov-Dec,2010,v194,QA6B1,QA6B1 IMPORT ISSUES CY-TCC: RISING PRICES/INFLA,,NA,0 = Not mentioned 1 = Mentioned 9 = Inap. (Split B) 99 = Inap. (not 33 in V6),NA,NA,NA,X,,X,standard,NA
ZA5449,5449,Eurobarometer 74.2,Nov-Dec,2010,v195,QA6B1,QA6B1 IMPORT ISSUES CY-TCC: TAXATION,,NA,0 = Not mentioned 1 = Mentioned 9 = Inap. (Split B) 99 = Inap. (not 33 in V6),NA,NA,NA,X,,X,standard,NA
ZA5449,5449,Eurobarometer 74.2,Nov-Dec,2010,v196,QA6B1,QA6B1 IMPORT ISSUES CY-TCC: UNEMPLOYMENT,,NA,0 = Not mentioned 1 = Mentioned 9 = Inap. (Split B) 99 = Inap. (not 33 in V6),NA,NA,NA,X,,X,standard,NA
ZA5449,5449,Eurobarometer 74.2,Nov-Dec,2010,v197,QA6B1,QA6B1 IMPORT ISSUES CY-TCC: TERRORISM,,NA,0 = Not mentioned 1 = Mentioned 9 = Inap. (Split B) 99 = Inap. (not 33 in V6),NA,NA,NA,X,,X,standard,NA
ZA5449,5449,Eurobarometer 74.2,Nov-Dec,2010,v198,QA6B1,QA6B1 IMPORT ISSUES CY-TCC: CYPRUS ISSUE,,NA,0 = Not mentioned 1 = Mentioned 9 = Inap. (Split B) 99 = Inap. (not 33 in V6),NA,NA,NA,X,,X,standard,NA
ZA5449,5449,Eurobarometer 74.2,Nov-Dec,2010,v199,QA6B1,QA6B1 IMPORT ISSUES CY-TCC: HOUSING,,NA,0 = Not mentioned 1 = Mentioned 9 = Inap. (Split B) 99 = Inap. (not 33 in V6),NA,NA,NA,X,,X,standard,NA
ZA5449,5449,Eurobarometer 74.2,Nov-Dec,2010,v200,QA6B1,QA6B1 IMPORT ISSUES CY-TCC: IMMIGRATION,,NA,0 = Not mentioned 1 = Mentioned 9 = Inap. (Split B) 99 = Inap. (not 33 in V6),NA,NA,NA,X,,X,standard,NA
ZA5449,5449,Eurobarometer 74.2,Nov-Dec,2010,v201,QA6B1,QA6B1 IMPORT ISSUES CY-TCC: HEALTHCARE SYSTEM,,NA,0 = Not mentioned 1 = Mentioned 9 = Inap. (Split B) 99 = Inap. (not 33 in V6),NA,NA,NA,X,,X,standard,NA
ZA5449,5449,Eurobarometer 74.2,Nov-Dec,2010,v202,QA6B1,QA6B1 IMPORT ISSUES CY-TCC: EDUCATIONAL SYSTEM,,NA,0 = Not mentioned 1 = Mentioned 9 = Inap. (Split B) 99 = Inap. (not 33 in V6),NA,NA,NA,X,,X,standard,NA
ZA5449,5449,Eurobarometer 74.2,Nov-Dec,2010,v203,QA6B1,QA6B1 IMPORT ISSUES CY-TCC: PENSIONS,,NA,0 = Not mentioned 1 = Mentioned 9 = Inap. (Split B) 99 = Inap. (not 33 in V6),NA,NA,NA,X,,X,standard,NA
ZA5449,5449,Eurobarometer 74.2,Nov-Dec,2010,v204,QA6B1,QA6B1 IMPORT ISSUES CY-TCC: THE ENVIRONMENT,,NA,0 = Not mentioned 1 = Mentioned 9 = Inap. (Split B) 99 = Inap. (not 33 in V6),NA,NA,NA,X,,X,standard,NA
ZA5449,5449,Eurobarometer 74.2,Nov-Dec,2010,v205,QA6B1,QA6B1 IMPORT ISSUES CY-TCC: ENERGY,,NA,0 = Not mentioned 1 = Mentioned 9 = Inap. (Split B) 99 = Inap. (not 33 in V6),NA,NA,NA,X,,X,standard,NA
ZA5449,5449,Eurobarometer 74.2,Nov-Dec,2010,v206,QA6B1,QA6B1 IMPORT ISSUES CY-TCC: OTHERS,,NA,0 = Not mentioned 1 = Mentioned 9 = Inap. (Split B) 99 = Inap. (not 33 in V6),NA,NA,NA,X,,X,standard,NA
ZA5449,5449,Eurobarometer 74.2,Nov-Dec,2010,v207,QA6B1,QA6B1 IMPORT ISSUES CY-TCC: NONE,,NA,0 = Not mentioned 1 = Mentioned (not ment.) 9 = Inap. (Split B) 99 = Inap. (not 33 in V6),NA,NA,NA,X,,X,standard,NA
ZA5449,5449,Eurobarometer 74.2,Nov-Dec,2010,v208,QA6B1,QA6B1 IMPORT ISSUES CY-TCC: DK,,NA,0 = Not mentioned 1 = Mentioned 9 = Inap. (Split B) 99 = Inap. (not 33 in V6),NA,NA,NA,X,,X,standard,NA
ZA5449,5449,Eurobarometer 74.2,Nov-Dec,2010,v209,QA7B1,QA7B1 IMPORT ISSUES PERS: CRIME,,NA,0 = Not mentioned 1 = Mentioned 9 = Inap. (Split B) 99 = Inap. (not 33 in V6),NA,NA,NA,X,,X,standard,NA
ZA5449,5449,Eurobarometer 74.2,Nov-Dec,2010,v210,QA7B1,QA7B1 IMPORT ISSUES PERS: ECONOMIC SITUATION,,NA,0 = Not mentioned 1 = Mentioned 9 = Inap. (Split B) 99 = Inap. (not 33 in V6),NA,NA,NA,X,,X,standard,NA
ZA5449,5449,Eurobarometer 74.2,Nov-Dec,2010,v211,QA7B1,QA7B1 IMPORT ISSUES PERS: RISING PRICES/INFLA,,NA,0 = Not mentioned 1 = Mentioned 9 = Inap. (Split B) 99 = Inap. (not 33 in V6),NA,NA,NA,X,,X,standard,NA
ZA5449,5449,Eurobarometer 74.2,Nov-Dec,2010,v212,QA7B1,QA7B1 IMPORT ISSUES PERS: TAXATION,,NA,0 = Not mentioned 1 = Mentioned 9 = Inap. (Split B) 99 = Inap. (not 33 in V6),NA,NA,NA,X,,X,standard,NA
ZA5449,5449,Eurobarometer 74.2,Nov-Dec,2010,v213,QA7B1,QA7B1 IMPORT ISSUES PERS: UNEMPLOYMENT,,NA,0 = Not mentioned 1 = Mentioned 9 = Inap. (Split B) 99 = Inap. (not 33 in V6),NA,NA,NA,X,,X,standard,NA
ZA5449,5449,Eurobarometer 74.2,Nov-Dec,2010,v214,QA7B1,QA7B1 IMPORT ISSUES PERS: TERRORISM,,NA,0 = Not mentioned 1 = Mentioned 9 = Inap. (Split B) 99 = Inap. (not 33 in V6),NA,NA,NA,X,,X,standard,NA
ZA5449,5449,Eurobarometer 74.2,Nov-Dec,2010,v215,QA7B1,QA7B1 IMPORT ISSUES PERS: CYPRUS ISSUE,,NA,0 = Not mentioned 1 = Mentioned 9 = Inap. (Split B) 99 = Inap. (not 33 in V6),NA,NA,NA,X,,X,standard,NA
ZA5449,5449,Eurobarometer 74.2,Nov-Dec,2010,v216,QA7B1,QA7B1 IMPORT ISSUES PERS: HOUSING,,NA,0 = Not mentioned 1 = Mentioned 9 = Inap. (Split B) 99 = Inap. (not 33 in V6),NA,NA,NA,X,,X,standard,NA
ZA5449,5449,Eurobarometer 74.2,Nov-Dec,2010,v217,QA7B1,QA7B1 IMPORT ISSUES PERS: IMMIGRATION,,NA,0 = Not mentioned 1 = Mentioned 9 = Inap. (Split B) 99 = Inap. (not 33 in V6),NA,NA,NA,X,,X,standard,NA
ZA5449,5449,Eurobarometer 74.2,Nov-Dec,2010,v218,QA7B1,QA7B1 IMPORT ISSUES PERS: HEALTHCARE SYSTEM,,NA,0 = Not mentioned 1 = Mentioned 9 = Inap. (Split B) 99 = Inap. (not 33 in V6),NA,NA,NA,X,,X,standard,NA
ZA5449,5449,Eurobarometer 74.2,Nov-Dec,2010,v219,QA7B1,QA7B1 IMPORT ISSUES PERS: EDUCATIONAL SYSTEM,,NA,0 = Not mentioned 1 = Mentioned 9 = Inap. (Split B) 99 = Inap. (not 33 in V6),NA,NA,NA,X,,X,standard,NA
ZA5449,5449,Eurobarometer 74.2,Nov-Dec,2010,v220,QA7B1,QA7B1 IMPORT ISSUES PERS: PENSIONS,,NA,0 = Not mentioned 1 = Mentioned 9 = Inap. (Split B) 99 = Inap. (not 33 in V6),NA,NA,NA,X,,X,standard,NA
ZA5449,5449,Eurobarometer 74.2,Nov-Dec,2010,v221,QA7B1,QA7B1 IMPORT ISSUES PERS: THE ENVIRONMENT,,NA,0 = Not mentioned 1 = Mentioned 9 = Inap. (Split B) 99 = Inap. (not 33 in V6),NA,NA,NA,X,,X,standard,NA
ZA5449,5449,Eurobarometer 74.2,Nov-Dec,2010,v222,QA7B1,QA7B1 IMPORT ISSUES PERS: ENERGY,,NA,0 = Not mentioned 1 = Mentioned 9 = Inap. (Split B) 99 = Inap. (not 33 in V6),NA,NA,NA,X,,X,standard,NA
ZA5449,5449,Eurobarometer 74.2,Nov-Dec,2010,v223,QA7B1,QA7B1 IMPORT ISSUES PERS: OTHERS,,NA,0 = Not mentioned 1 = Mentioned (not ment.) 9 = Inap. (Split B) 99 = Inap. (not 33 in V6),NA,NA,NA,X,,X,standard,NA
ZA5449,5449,Eurobarometer 74.2,Nov-Dec,2010,v224,QA7B1,QA7B1 IMPORT ISSUES PERS: NONE,,NA,0 = Not mentioned 1 = Mentioned (not ment.) 9 = Inap. (Split B) 99 = Inap. (not 33 in V6),NA,NA,NA,X,,X,standard,NA
ZA5449,5449,Eurobarometer 74.2,Nov-Dec,2010,v225,QA7B1,QA7B1 IMPORT ISSUES PERS: DK,,NA,0 = Not mentioned 1 = Mentioned 9 = Inap. (Split B) 99 = Inap. (not 33 in V6),NA,NA,NA,X,,X,standard,NA
ZA5449,5449,Eurobarometer 74.2,Nov-Dec,2010,v226,QA6B2,QA6B2 IMPORT ISSUES CY-TCC: CRIME,,NA,0 = Not mentioned 1 = Mentioned 9 = Inap. (Split A) 99 = Inap. (not 33 in V6),NA,NA,NA,X,,X,standard,NA
ZA5449,5449,Eurobarometer 74.2,Nov-Dec,2010,v227,QA6B2,QA6B2 IMPORT ISSUES CY-TCC: ECONOMIC SITUATION,,NA,0 = Not mentioned 1 = Mentioned 9 = Inap. (Split A) 99 = Inap. (not 33 in V6),NA,NA,NA,X,,X,standard,NA
ZA5449,5449,Eurobarometer 74.2,Nov-Dec,2010,v228,QA6B2,QA6B2 IMPORT ISSUES CY-TCC: RISING PRICES/INFLA,,NA,0 = Not mentioned 1 = Mentioned 9 = Inap. (Split A) 99 = Inap. (not 33 in V6),NA,NA,NA,X,,X,standard,NA
ZA5449,5449,Eurobarometer 74.2,Nov-Dec,2010,v229,QA6B2,QA6B2 IMPORT ISSUES CY-TCC: TAXATION,,NA,0 = Not mentioned 1 = Mentioned 9 = Inap. (Split A) 99 = Inap. (not 33 in V6),NA,NA,NA,X,,X,standard,NA
ZA5449,5449,Eurobarometer 74.2,Nov-Dec,2010,v230,QA6B2,QA6B2 IMPORT ISSUES CY-TCC: UNEMPLOYMENT,,NA,0 = Not mentioned 1 = Mentioned 9 = Inap. (Split A) 99 = Inap. (not 33 in V6),NA,NA,NA,X,,X,standard,NA
ZA5449,5449,Eurobarometer 74.2,Nov-Dec,2010,v231,QA6B2,QA6B2 IMPORT ISSUES CY-TCC: TERRORISM,,NA,0 = Not mentioned 1 = Mentioned 9 = Inap. (Split A) 99 = Inap. (not 33 in V6),NA,NA,NA,X,,X,standard,NA
ZA5449,5449,Eurobarometer 74.2,Nov-Dec,2010,v232,QA6B2,QA6B2 IMPORT ISSUES CY-TCC: COMM EXT INFLUENCE,,NA,0 = Not mentioned 1 = Mentioned 9 = Inap. (Split A) 99 = Inap. (not 33 in V6),NA,NA,NA,X,,X,standard,NA
ZA5449,5449,Eurobarometer 74.2,Nov-Dec,2010,v233,QA6B2,QA6B2 IMPORT ISSUES CY-TCC: COMM DEBT,,NA,0 = Not mentioned 1 = Mentioned 9 = Inap. (Split A) 99 = Inap. (not 33 in V6),NA,NA,NA,X,,X,standard,NA
ZA5449,5449,Eurobarometer 74.2,Nov-Dec,2010,v234,QA6B2,QA6B2 IMPORT ISSUES CY-TCC: IMMIGRATION,,NA,0 = Not mentioned 1 = Mentioned 9 = Inap. (Split A) 99 = Inap. (not 33 in V6),NA,NA,NA,X,,X,standard,NA
ZA5449,5449,Eurobarometer 74.2,Nov-Dec,2010,v235,QA6B2,QA6B2 IMPORT ISSUES CY-TCC: HEALTHCARE SYSTEM,,NA,0 = Not mentioned 1 = Mentioned 9 = Inap. (Split A) 99 = Inap. (not 33 in V6),NA,NA,NA,X,,X,standard,NA
ZA5449,5449,Eurobarometer 74.2,Nov-Dec,2010,v236,QA6B2,QA6B2 IMPORT ISSUES CY-TCC: EDUCATIONAL SYSTEM,,NA,0 = Not mentioned 1 = Mentioned 9 = Inap. (Split A) 99 = Inap. (not 33 in V6),NA,NA,NA,X,,X,standard,NA
ZA5449,5449,Eurobarometer 74.2,Nov-Dec,2010,v237,QA6B2,QA6B2 IMPORT ISSUES CY-TCC: PENSIONS,,NA,0 = Not mentioned 1 = Mentioned 9 = Inap. (Split A) 99 = Inap. (not 33 in V6),NA,NA,NA,X,,X,standard,NA
ZA5449,5449,Eurobarometer 74.2,Nov-Dec,2010,v238,QA6B2,QA6B2 IMPORT ISSUES CY-TCC: THE ENVIRONMENT,,NA,0 = Not mentioned 1 = Mentioned 9 = Inap. (Split A) 99 = Inap. (not 33 in V6),NA,NA,NA,X,,X,standard,NA
ZA5449,5449,Eurobarometer 74.2,Nov-Dec,2010,v239,QA6B2,QA6B2 IMPORT ISSUES CY-TCC: ENERGY SUPPLY,,NA,0 = Not mentioned 1 = Mentioned 9 = Inap. (Split A) 99 = Inap. (not 33 in V6),NA,NA,NA,X,,X,standard,NA
ZA5449,5449,Eurobarometer 74.2,Nov-Dec,2010,v240,QA6B2,QA6B2 IMPORT ISSUES CY-TCC: CLIMATE CHANGE,,NA,0 = Not mentioned 1 = Mentioned 9 = Inap. (Split A) 99 = Inap. (not 33 in V6),NA,NA,NA,X,,X,standard,NA
ZA5449,5449,Eurobarometer 74.2,Nov-Dec,2010,v241,QA6B2,QA6B2 IMPORT ISSUES CY-TCC: OTHERS,,NA,0 = Not mentioned 1 = Mentioned (not ment.) 9 = Inap. (Split A) 99 = Inap. (not 33 in V6),NA,NA,NA,X,,X,standard,NA
ZA5449,5449,Eurobarometer 74.2,Nov-Dec,2010,v242,QA6B2,QA6B2 IMPORT ISSUES CY-TCC: NONE,,NA,0 = Not mentioned 1 = Mentioned (not ment.) 9 = Inap. (Split A) 99 = Inap. (not 33 in V6),NA,NA,NA,X,,X,standard,NA
ZA5449,5449,Eurobarometer 74.2,Nov-Dec,2010,v243,QA6B2,QA6B2 IMPORT ISSUES CY-TCC: DK,,NA,0 = Not mentioned 1 = Mentioned 9 = Inap. (Split A) 99 = Inap. (not 33 in V6),NA,NA,NA,X,,X,standard,NA
ZA5449,5449,Eurobarometer 74.2,Nov-Dec,2010,v244,QA7B2,QA7B2 IMPORT ISSUES PERS: CRIME,,NA,0 = Not mentioned 1 = Mentioned 9 = Inap. (Split A) 99 = Inap. (not 33 in V6),NA,NA,NA,X,,X,standard,NA
ZA5449,5449,Eurobarometer 74.2,Nov-Dec,2010,v245,QA7B2,QA7B2 IMPORT ISSUES PERS: ECONOMIC SITUATION,,NA,0 = Not mentioned 1 = Mentioned 9 = Inap. (Split A) 99 = Inap. (not 33 in V6),NA,NA,NA,X,,X,standard,NA
ZA5449,5449,Eurobarometer 74.2,Nov-Dec,2010,v246,QA7B2,QA7B2 IMPORT ISSUES PERS: RISING PRICES/INFLA,,NA,0 = Not mentioned 1 = Mentioned 9 = Inap. (Split A) 99 = Inap. (not 33 in V6),NA,NA,NA,X,,X,standard,NA
ZA5449,5449,Eurobarometer 74.2,Nov-Dec,2010,v247,QA7B2,QA7B2 IMPORT ISSUES PERS: TAXATION,,NA,0 = Not mentioned 1 = Mentioned 9 = Inap. (Split A) 99 = Inap. (not 33 in V6),NA,NA,NA,X,,X,standard,NA
ZA5449,5449,Eurobarometer 74.2,Nov-Dec,2010,v248,QA7B2,QA7B2 IMPORT ISSUES PERS: UNEMPLOYMENT,,NA,0 = Not mentioned 1 = Mentioned 9 = Inap. (Split A) 99 = Inap. (not 33 in V6),NA,NA,NA,X,,X,standard,NA
ZA5449,5449,Eurobarometer 74.2,Nov-Dec,2010,v249,QA7B2,QA7B2 IMPORT ISSUES PERS: TERRORISM,,NA,0 = Not mentioned 1 = Mentioned 9 = Inap. (Split A) 99 = Inap. (not 33 in V6),NA,NA,NA,X,,X,standard,NA
ZA5449,5449,Eurobarometer 74.2,Nov-Dec,2010,v250,QA7B2,QA7B2 IMPORT ISSUES PERS: COMM EXT INFLUENCE,,NA,0 = Not mentioned 1 = Mentioned 9 = Inap. (Split A) 99 = Inap. (not 33 in V6),NA,NA,NA,X,,X,standard,NA
ZA5449,5449,Eurobarometer 74.2,Nov-Dec,2010,v251,QA7B2,QA7B2 IMPORT ISSUES PERS: PRIVATE DEBT,,NA,0 = Not mentioned 1 = Mentioned 9 = Inap. (Split A) 99 = Inap. (not 33 in V6),NA,NA,NA,X,,X,standard,NA
ZA5449,5449,Eurobarometer 74.2,Nov-Dec,2010,v252,QA7B2,QA7B2 IMPORT ISSUES PERS: IMMIGRATION,,NA,0 = Not mentioned 1 = Mentioned 9 = Inap. (Split A) 99 = Inap. (not 33 in V6),NA,NA,NA,X,,X,standard,NA
ZA5449,5449,Eurobarometer 74.2,Nov-Dec,2010,v253,QA7B2,QA7B2 IMPORT ISSUES PERS: HEALTHCARE SYSTEM,,NA,0 = Not mentioned 1 = Mentioned 9 = Inap. (Split A) 99 = Inap. (not 33 in V6),NA,NA,NA,X,,X,standard,NA
ZA5449,5449,Eurobarometer 74.2,Nov-Dec,2010,v254,QA7B2,QA7B2 IMPORT ISSUES PERS: EDUCATIONAL SYSTEM,,NA,0 = Not mentioned 1 = Mentioned 9 = Inap. (Split A) 99 = Inap. (not 33 in V6),NA,NA,NA,X,,X,standard,NA
ZA5449,5449,Eurobarometer 74.2,Nov-Dec,2010,v255,QA7B2,QA7B2 IMPORT ISSUES PERS: PENSIONS,,NA,0 = Not mentioned 1 = Mentioned 9 = Inap. (Split A) 99 = Inap. (not 33 in V6),NA,NA,NA,X,,X,standard,NA
ZA5449,5449,Eurobarometer 74.2,Nov-Dec,2010,v256,QA7B2,QA7B2 IMPORT ISSUES PERS: THE ENVIRONMENT,,NA,0 = Not mentioned 1 = Mentioned 9 = Inap. (Split A) 99 = Inap. (not 33 in V6),NA,NA,NA,X,,X,standard,NA
ZA5449,5449,Eurobarometer 74.2,Nov-Dec,2010,v257,QA7B2,QA7B2 IMPORT ISSUES PERS: ENERGY COSTS,,NA,0 = Not mentioned 1 = Mentioned 9 = Inap. (Split A) 99 = Inap. (not 33 in V6),NA,NA,NA,X,,X,standard,NA
ZA5449,5449,Eurobarometer 74.2,Nov-Dec,2010,v258,QA7B2,QA7B2 IMPORT ISSUES PERS: CLIMATE CHANGE,,NA,0 = Not mentioned 1 = Mentioned 9 = Inap. (Split A) 99 = Inap. (not 33 in V6),NA,NA,NA,X,,X,standard,NA
ZA5449,5449,Eurobarometer 74.2,Nov-Dec,2010,v259,QA7B2,QA7B2 IMPORT ISSUES PERS: OTHERS,,NA,0 = Not mentioned 1 = Mentioned (not ment.) 9 = Inap. (Split A) 99 = Inap. (not 33 in V6),NA,NA,NA,X,,X,standard,NA
ZA5449,5449,Eurobarometer 74.2,Nov-Dec,2010,v260,QA7B2,QA7B2 IMPORT ISSUES PERS: NONE,,NA,0 = Not mentioned 1 = Mentioned 9 = Inap. (Split A) 99 = Inap. (not 33 in V6),NA,NA,NA,X,,X,standard,NA
ZA5449,5449,Eurobarometer 74.2,Nov-Dec,2010,v261,QA7B2,QA7B2 IMPORT ISSUES PERS: DK,,NA,0 = Not mentioned 1 = Mentioned 9 = Inap. (Split A) 99 = Inap. (not 33 in V6),NA,NA,NA,X,,X,standard,NA
ZA5449,5449,Eurobarometer 74.2,Nov-Dec,2010,v262,QA8,QA8 IMPORT ISSUES EU: CRIME,,NA,0 = Not mentioned 1 = Mentioned,NA,NA,NA,X,,X,standard,NA
ZA5449,5449,Eurobarometer 74.2,Nov-Dec,2010,v263,QA8,QA8 IMPORT ISSUES EU: ECONOMIC SITUATION,,NA,0 = Not mentioned 1 = Mentioned,NA,NA,NA,X,,X,standard,NA
ZA5449,5449,Eurobarometer 74.2,Nov-Dec,2010,v264,QA8,QA8 IMPORT ISSUES EU: RISING PRICES/INFLA,,NA,0 = Not mentioned 1 = Mentioned,NA,NA,NA,X,,X,standard,NA
ZA5449,5449,Eurobarometer 74.2,Nov-Dec,2010,v265,QA8,QA8 IMPORT ISSUES EU: TAXATION,,NA,0 = Not mentioned 1 = Mentioned,NA,NA,NA,X,,X,standard,NA
ZA5449,5449,Eurobarometer 74.2,Nov-Dec,2010,v266,QA8,QA8 IMPORT ISSUES EU: UNEMPLOYMENT,,NA,0 = Not mentioned 1 = Mentioned,NA,NA,NA,X,,X,standard,NA
ZA5449,5449,Eurobarometer 74.2,Nov-Dec,2010,v267,QA8,QA8 IMPORT ISSUES EU: TERRORISM,,NA,0 = Not mentioned 1 = Mentioned,NA,NA,NA,X,,X,standard,NA
ZA5449,5449,Eurobarometer 74.2,Nov-Dec,2010,v268,QA8,QA8 IMPORT ISSUES EU: INFLUENCE IN WORLD,,NA,0 = Not mentioned 1 = Mentioned,NA,NA,NA,X,,X,standard,NA
ZA5449,5449,Eurobarometer 74.2,Nov-Dec,2010,v269,QA8,QA8 IMPORT ISSUES EU: MEMBER FINANCES,,NA,0 = Not mentioned 1 = Mentioned,NA,NA,NA,X,,X,standard,NA
ZA5449,5449,Eurobarometer 74.2,Nov-Dec,2010,v270,QA8,QA8 IMPORT ISSUES EU: IMMIGRATION,,NA,0 = Not mentioned 1 = Mentioned,NA,NA,NA,X,,X,standard,NA
ZA5449,5449,Eurobarometer 74.2,Nov-Dec,2010,v271,QA8,QA8 IMPORT ISSUES EU: HEALTHCARE SYSTEM,,NA,0 = Not mentioned 1 = Mentioned,NA,NA,NA,X,,X,standard,NA
ZA5449,5449,Eurobarometer 74.2,Nov-Dec,2010,v272,QA8,QA8 IMPORT ISSUES EU: EDUCATIONAL SYSTEM,,NA,0 = Not mentioned 1 = Mentioned,NA,NA,NA,X,,X,standard,NA
ZA5449,5449,Eurobarometer 74.2,Nov-Dec,2010,v273,QA8,QA8 IMPORT ISSUES EU: PENSIONS,,NA,0 = Not mentioned 1 = Mentioned,NA,NA,NA,X,,X,standard,NA
ZA5449,5449,Eurobarometer 74.2,Nov-Dec,2010,v274,QA8,QA8 IMPORT ISSUES EU: THE ENVIRONMENT,,NA,0 = Not mentioned 1 = Mentioned,NA,NA,NA,X,,X,standard,NA
ZA5449,5449,Eurobarometer 74.2,Nov-Dec,2010,v275,QA8,QA8 IMPORT ISSUES EU: ENERGY SUPPLY,,NA,0 = Not mentioned 1 = Mentioned,NA,NA,NA,X,,X,standard,NA
ZA5449,5449,Eurobarometer 74.2,Nov-Dec,2010,v276,QA8,QA8 IMPORT ISSUES EU: CLIMATE CHANGE,,NA,0 = Not mentioned 1 = Mentioned,NA,NA,NA,X,,X,standard,NA
ZA5449,5449,Eurobarometer 74.2,Nov-Dec,2010,v277,QA8,QA8 IMPORT ISSUES EU: OTHERS,,NA,0 = Not mentioned 1 = Mentioned,NA,NA,NA,X,,X,standard,NA
ZA5449,5449,Eurobarometer 74.2,Nov-Dec,2010,v278,QA8,QA8 IMPORT ISSUES EU: NONE,,NA,0 = Not mentioned 1 = Mentioned,NA,NA,NA,X,,X,standard,NA
ZA5449,5449,Eurobarometer 74.2,Nov-Dec,2010,v279,QA8,QA8 IMPORT ISSUES EU: DK,,NA,0 = Not mentioned 1 = Mentioned,NA,NA,NA,X,,X,standard,NA
ZA5449,5449,Eurobarometer 74.2,Nov-Dec,2010,v728,"QA6,","SPLIT (QA6, QA7, QC6, QC10)",,NA,1 = Questionnaire Version A 2 = Questionnaire Version B,NA,NA,NA,X,,X,standard,NA
ZA5481,5481,Eurobarometer 75.3,May,2011,v7,v7,NATION - ALL SAMPLES ISO 3166,,isocntry, = BE  = DK  = GR  = ES  = FI  = FR  = IE  = IT  = LU  = NL  = AT  = PT  = SE  = DE-W  = DE-E  = GB-GBN  = GB-NIR  = BG  = CY  = CZ  = EE  = HU  = LV  = LT  = MT  = PL  = RO  = SK  = SI  = TR  = IS  = HR  = CY-TCC  = MK  = ME,NA,NA,NA,X,,,standard,NA
ZA5481,5481,Eurobarometer 75.3,May,2011,v142,QA7A1_1,QA7A1_1 IMPORT ISSUES CTRY: CRIME (A),,NA,0 = Not mentioned 1 = Mentioned 9 = Inap. (Split B) 99 = Inap. (33 in V6),NA,NA,NA,X,,,standard,NA
ZA5481,5481,Eurobarometer 75.3,May,2011,v143,QA7A1_2,QA7A1_2 IMPORT ISSUES CTRY: ECONOMIC SIT (A),,NA,0 = Not mentioned 1 = Mentioned 9 = Inap. (Split B) 99 = Inap. (33 in V6),NA,NA,NA,X,,,standard,NA
ZA5481,5481,Eurobarometer 75.3,May,2011,v144,QA7A1_3,QA7A1_3 IMPORT ISSUES CTRY: RISING PRICES (A),,NA,0 = Not mentioned 1 = Mentioned 9 = Inap. (Split B) 99 = Inap. (33 in V6),NA,NA,NA,X,,,standard,NA
ZA5481,5481,Eurobarometer 75.3,May,2011,v145,QA7A1_4,QA7A1_4 IMPORT ISSUES CTRY: TAXATION (A),,NA,0 = Not mentioned 1 = Mentioned 9 = Inap. (Split B) 99 = Inap. (33 in V6),NA,NA,NA,X,,,standard,NA
ZA5481,5481,Eurobarometer 75.3,May,2011,v146,QA7A1_5,QA7A1_5 IMPORT ISSUES CTRY: UNEMPLOYMENT (A),,NA,0 = Not mentioned 1 = Mentioned 9 = Inap. (Split B) 99 = Inap. (33 in V6),NA,NA,NA,X,,,standard,NA
ZA5481,5481,Eurobarometer 75.3,May,2011,v147,QA7A1_6,QA7A1_6 IMPORT ISSUES CTRY: TERRORISM (A),,NA,0 = Not mentioned 1 = Mentioned 9 = Inap. (Split B) 99 = Inap. (33 in V6),NA,NA,NA,X,,,standard,NA
ZA5481,5481,Eurobarometer 75.3,May,2011,v148,QA7A1_7,QA7A1_7 IMPORT ISSUES CTRY: DFNC/FOREIGN AFF (A),,NA,0 = Not mentioned 1 = Mentioned 9 = Inap. (Split B) 99 = Inap. (33 in V6),NA,NA,NA,X,,,standard,NA
ZA5481,5481,Eurobarometer 75.3,May,2011,v149,QA7A1_8,QA7A1_8 IMPORT ISSUES CTRY: HOUSING (A),,NA,0 = Not mentioned 1 = Mentioned 9 = Inap. (Split B) 99 = Inap. (33 in V6),NA,NA,NA,X,,,standard,NA
ZA5481,5481,Eurobarometer 75.3,May,2011,v150,QA7A1_9,QA7A1_9 IMPORT ISSUES CTRY: IMMIGRATION (A),,NA,0 = Not mentioned 1 = Mentioned 9 = Inap. (Split B) 99 = Inap. (33 in V6),NA,NA,NA,X,,,standard,NA
ZA5481,5481,Eurobarometer 75.3,May,2011,v151,QA7A1_10,QA7A1_10 IMPORT ISSUES CTRY: HEALTHCARE SYS (A),,NA,0 = Not mentioned 1 = Mentioned 9 = Inap. (Split B) 99 = Inap. (33 in V6),NA,NA,NA,X,,,standard,NA
ZA5481,5481,Eurobarometer 75.3,May,2011,v152,QA7A1_11,QA7A1_11 IMPORT ISSUES CTRY: EDUCATIONAL SYS (A),,NA,0 = Not mentioned 1 = Mentioned 9 = Inap. (Split B) 99 = Inap. (33 in V6),NA,NA,NA,X,,,standard,NA
ZA5481,5481,Eurobarometer 75.3,May,2011,v153,QA7A1_12,QA7A1_12 IMPORT ISSUES CTRY: PENSIONS (A),,NA,0 = Not mentioned 1 = Mentioned 9 = Inap. (Split B) 99 = Inap. (33 in V6),NA,NA,NA,X,,,standard,NA
ZA5481,5481,Eurobarometer 75.3,May,2011,v154,QA7A1_13,QA7A1_13 IMPORT ISSUES CTRY: THE ENVIRONMENT (A),,NA,0 = Not mentioned 1 = Mentioned 9 = Inap. (Split B) 99 = Inap. (33 in V6),NA,NA,NA,X,,,standard,NA
ZA5481,5481,Eurobarometer 75.3,May,2011,v155,QA7A1_14,QA7A1_14 IMPORT ISSUES CTRY: ENERGY (A),,NA,0 = Not mentioned 1 = Mentioned 9 = Inap. (Split B) 99 = Inap. (33 in V6),NA,NA,NA,X,,,standard,NA
ZA5481,5481,Eurobarometer 75.3,May,2011,v156,QA7A1_15,QA7A1_15 IMPORT ISSUES CTRY: OTHERS (A),,NA,0 = Not mentioned 1 = Mentioned 9 = Inap. (Split B) 99 = Inap. (33 in V6),NA,NA,NA,X,,,standard,NA
ZA5481,5481,Eurobarometer 75.3,May,2011,v157,QA7A1_16,QA7A1_16 IMPORT ISSUES CTRY: NONE (A),,NA,0 = Not mentioned 1 = Mentioned 9 = Inap. (Split B) 99 = Inap. (33 in V6),NA,NA,NA,X,,,standard,NA
ZA5481,5481,Eurobarometer 75.3,May,2011,v158,QA7A1_17,QA7A1_17 IMPORT ISSUES CTRY: DK (A),,NA,0 = Not mentioned 1 = Mentioned 9 = Inap. (Split B) 99 = Inap. (33 in V6),NA,NA,NA,X,,,standard,NA
ZA5481,5481,Eurobarometer 75.3,May,2011,v159,QA8A1_1,QA8A1_1 IMPORT ISSUES PERS: CRIME (A),,NA,0 = Not mentioned 1 = Mentioned 9 = Inap. (Split B) 99 = Inap. (33 in V6),NA,NA,NA,X,,,standard,NA
ZA5481,5481,Eurobarometer 75.3,May,2011,v160,QA8A1_2,QA8A1_2 IMPORT ISSUES PERS: ECONOMIC SIT (A),,NA,0 = Not mentioned 1 = Mentioned 9 = Inap. (Split B) 99 = Inap. (33 in V6),NA,NA,NA,X,,,standard,NA
ZA5481,5481,Eurobarometer 75.3,May,2011,v161,QA8A1_3,QA8A1_3 IMPORT ISSUES PERS: RISING PRICES (A),,NA,0 = Not mentioned 1 = Mentioned 9 = Inap. (Split B) 99 = Inap. (33 in V6),NA,NA,NA,X,,,standard,NA
ZA5481,5481,Eurobarometer 75.3,May,2011,v162,QA8A1_4,QA8A1_4 IMPORT ISSUES PERS: TAXATION (A),,NA,0 = Not mentioned 1 = Mentioned 9 = Inap. (Split B) 99 = Inap. (33 in V6),NA,NA,NA,X,,,standard,NA
ZA5481,5481,Eurobarometer 75.3,May,2011,v163,QA8A1_5,QA8A1_5 IMPORT ISSUES PERS: UNEMPLOYMENT (A),,NA,0 = Not mentioned 1 = Mentioned 9 = Inap. (Split B) 99 = Inap. (33 in V6),NA,NA,NA,X,,,standard,NA
ZA5481,5481,Eurobarometer 75.3,May,2011,v164,QA8A1_6,QA8A1_6 IMPORT ISSUES PERS: TERRORISM (A),,NA,0 = Not mentioned 1 = Mentioned 9 = Inap. (Split B) 99 = Inap. (33 in V6),NA,NA,NA,X,,,standard,NA
ZA5481,5481,Eurobarometer 75.3,May,2011,v165,QA8A1_7,QA8A1_7 IMPORT ISSUES PERS: DFNC/FOREIGN AFF (A),,NA,0 = Not mentioned 1 = Mentioned 9 = Inap. (Split B) 99 = Inap. (33 in V6),NA,NA,NA,X,,,standard,NA
ZA5481,5481,Eurobarometer 75.3,May,2011,v166,QA8A1_8,QA8A1_8 IMPORT ISSUES PERS: HOUSING (A),,NA,0 = Not mentioned 1 = Mentioned 9 = Inap. (Split B) 99 = Inap. (33 in V6),NA,NA,NA,X,,,standard,NA
ZA5481,5481,Eurobarometer 75.3,May,2011,v167,QA8A1_9,QA8A1_9 IMPORT ISSUES PERS: IMMIGRATION (A),,NA,0 = Not mentioned 1 = Mentioned 9 = Inap. (Split B) 99 = Inap. (33 in V6),NA,NA,NA,X,,,standard,NA
ZA5481,5481,Eurobarometer 75.3,May,2011,v168,QA8A1_10,QA8A1_10 IMPORT ISSUES PERS: HEALTHCARE SYS (A),,NA,0 = Not mentioned 1 = Mentioned 9 = Inap. (Split B) 99 = Inap. (33 in V6),NA,NA,NA,X,,,standard,NA
ZA5481,5481,Eurobarometer 75.3,May,2011,v169,QA8A1_11,QA8A1_11 IMPORT ISSUES PERS: EDUCATIONAL SYS (A),,NA,0 = Not mentioned 1 = Mentioned 9 = Inap. (Split B) 99 = Inap. (33 in V6),NA,NA,NA,X,,,standard,NA
ZA5481,5481,Eurobarometer 75.3,May,2011,v170,QA8A1_12,QA8A1_12 IMPORT ISSUES PERS: PENSIONS (A),,NA,0 = Not mentioned 1 = Mentioned 9 = Inap. (Split B) 99 = Inap. (33 in V6),NA,NA,NA,X,,,standard,NA
ZA5481,5481,Eurobarometer 75.3,May,2011,v171,QA8A1_13,QA8A1_13 IMPORT ISSUES PERS: THE ENVIRONMENT (A),,NA,0 = Not mentioned 1 = Mentioned 9 = Inap. (Split B) 99 = Inap. (33 in V6),NA,NA,NA,X,,,standard,NA
ZA5481,5481,Eurobarometer 75.3,May,2011,v172,QA8A1_14,QA8A1_14 IMPORT ISSUES PERS: ENERGY (A),,NA,0 = Not mentioned 1 = Mentioned 9 = Inap. (Split B) 99 = Inap. (33 in V6),NA,NA,NA,X,,,standard,NA
ZA5481,5481,Eurobarometer 75.3,May,2011,v173,QA8A1_15,QA8A1_15 IMPORT ISSUES PERS: OTHERS (A),,NA,0 = Not mentioned 1 = Mentioned 9 = Inap. (Split B) 99 = Inap. (33 in V6),NA,NA,NA,X,,,standard,NA
ZA5481,5481,Eurobarometer 75.3,May,2011,v174,QA8A1_16,QA8A1_16 IMPORT ISSUES PERS: NONE (A),,NA,0 = Not mentioned 1 = Mentioned 9 = Inap. (Split B) 99 = Inap. (33 in V6),NA,NA,NA,X,,,standard,NA
ZA5481,5481,Eurobarometer 75.3,May,2011,v175,QA8A1_17,QA8A1_17 IMPORT ISSUES PERS: DK (A),,NA,0 = Not mentioned 1 = Mentioned 9 = Inap. (Split B) 99 = Inap. (33 in V6),NA,NA,NA,X,,,standard,NA
ZA5481,5481,Eurobarometer 75.3,May,2011,v176,QA7A2_1,QA7A2_1 IMPORT ISSUES CTRY: CRIME  (B),,NA,0 = Not mentioned 1 = Mentioned 9 = Inap. (Split A) 99 = Inap. (33 in V6),NA,NA,NA,X,,,standard,NA
ZA5481,5481,Eurobarometer 75.3,May,2011,v177,QA7A2_2,QA7A2_2 IMPORT ISSUES CTRY: ECONOMIC SIT (B),,NA,0 = Not mentioned 1 = Mentioned 9 = Inap. (Split A) 99 = Inap. (33 in V6),NA,NA,NA,X,,,standard,NA
ZA5481,5481,Eurobarometer 75.3,May,2011,v178,QA7A2_3,QA7A2_3 IMPORT ISSUES CTRY: RISING PRICES (B),,NA,0 = Not mentioned 1 = Mentioned 9 = Inap. (Split A) 99 = Inap. (33 in V6),NA,NA,NA,X,,,standard,NA
ZA5481,5481,Eurobarometer 75.3,May,2011,v179,QA7A2_4,QA7A2_4 IMPORT ISSUES CTRY: TAXATION (B),,NA,0 = Not mentioned 1 = Mentioned 9 = Inap. (Split A) 99 = Inap. (33 in V6),NA,NA,NA,X,,,standard,NA
ZA5481,5481,Eurobarometer 75.3,May,2011,v180,QA7A2_5,QA7A2_5 IMPORT ISSUES CTRY: UNEMPLOYMENT (B),,NA,0 = Not mentioned 1 = Mentioned 9 = Inap. (Split A) 99 = Inap. (33 in V6),NA,NA,NA,X,,,standard,NA
ZA5481,5481,Eurobarometer 75.3,May,2011,v181,QA7A2_6,QA7A2_6 IMPORT ISSUES CTRY: TERRORISM (B),,NA,0 = Not mentioned 1 = Mentioned 9 = Inap. (Split A) 99 = Inap. (33 in V6),NA,NA,NA,X,,,standard,NA
ZA5481,5481,Eurobarometer 75.3,May,2011,v182,QA7A2_7,QA7A2_7 IMPORT ISSUES CTRY: CNTRY INFLUENCE (B),,NA,0 = Not mentioned 1 = Mentioned 9 = Inap. (Split A) 99 = Inap. (33 in V6),NA,NA,NA,X,,,standard,NA
ZA5481,5481,Eurobarometer 75.3,May,2011,v183,QA7A2_8,QA7A2_8 IMPORT ISSUES CTRY: GOVERNMENT DEBT (B),,NA,0 = Not mentioned 1 = Mentioned 9 = Inap. (Split A) 99 = Inap. (33 in V6),NA,NA,NA,X,,,standard,NA
ZA5481,5481,Eurobarometer 75.3,May,2011,v184,QA7A2_9,QA7A2_9 IMPORT ISSUES CTRY: IMMIGRATION (B),,NA,0 = Not mentioned 1 = Mentioned 9 = Inap. (Split A) 99 = Inap. (33 in V6),NA,NA,NA,X,,,standard,NA
ZA5481,5481,Eurobarometer 75.3,May,2011,v185,QA7A2_10,QA7A2_10 IMPORT ISSUES CTRY: HEALTHCARE SYS (B),,NA,0 = Not mentioned 1 = Mentioned 9 = Inap. (Split A) 99 = Inap. (33 in V6),NA,NA,NA,X,,,standard,NA
ZA5481,5481,Eurobarometer 75.3,May,2011,v186,QA7A2_11,QA7A2_11 IMPORT ISSUES CTRY: EDUCATIONAL SYS (B),,NA,0 = Not mentioned 1 = Mentioned 9 = Inap. (Split A) 99 = Inap. (33 in V6),NA,NA,NA,X,,,standard,NA
ZA5481,5481,Eurobarometer 75.3,May,2011,v187,QA7A2_12,QA7A2_12 IMPORT ISSUES CTRY: PENSIONS (B),,NA,0 = Not mentioned 1 = Mentioned 9 = Inap. (Split A) 99 = Inap. (33 in V6),NA,NA,NA,X,,,standard,NA
ZA5481,5481,Eurobarometer 75.3,May,2011,v188,QA7A2_13,QA7A2_13 IMPORT ISSUES CTRY: THE ENVIRONMENT (B),,NA,0 = Not mentioned 1 = Mentioned 9 = Inap. (Split A) 99 = Inap. (33 in V6),NA,NA,NA,X,,,standard,NA
ZA5481,5481,Eurobarometer 75.3,May,2011,v189,QA7A2_14,QA7A2_14 IMPORT ISSUES CTRY: ENERGY SUPPLY (B),,NA,0 = Not mentioned 1 = Mentioned 9 = Inap. (Split A) 99 = Inap. (33 in V6),NA,NA,NA,X,,,standard,NA
ZA5481,5481,Eurobarometer 75.3,May,2011,v190,QA7A2_15,QA7A2_15 IMPORT ISSUES CTRY: CLIMATE CHANGE (B),,NA,0 = Not mentioned 1 = Mentioned 9 = Inap. (Split A) 99 = Inap. (33 in V6),NA,NA,NA,X,,,standard,NA
ZA5481,5481,Eurobarometer 75.3,May,2011,v191,QA7A2_16,QA7A2_16 IMPORT ISSUES CTRY: OTHERS (B),,NA,0 = Not mentioned 1 = Mentioned 9 = Inap. (Split A) 99 = Inap. (33 in V6),NA,NA,NA,X,,,standard,NA
ZA5481,5481,Eurobarometer 75.3,May,2011,v192,QA7A2_17,QA7A2_17 IMPORT ISSUES CTRY: NONE (B),,NA,0 = Not mentioned 1 = Mentioned 9 = Inap. (Split A) 99 = Inap. (33 in V6),NA,NA,NA,X,,,standard,NA
ZA5481,5481,Eurobarometer 75.3,May,2011,v193,QA7A2_18,QA7A2_18 IMPORT ISSUES CTRY: DK (B),,NA,0 = Not mentioned 1 = Mentioned 9 = Inap. (Split A) 99 = Inap. (33 in V6),NA,NA,NA,X,,,standard,NA
ZA5481,5481,Eurobarometer 75.3,May,2011,v194,QA8A2_1,QA8A2_1 IMPORT ISSUES PERS: CRIME (B),,NA,0 = Not mentioned 1 = Mentioned 9 = Inap. (Split A) 99 = Inap. (33 in V6),NA,NA,NA,X,,,standard,NA
ZA5481,5481,Eurobarometer 75.3,May,2011,v195,QA8A2_2,QA8A2_2 IMPORT ISSUES PERS: ECONOMIC SIT (B),,NA,0 = Not mentioned 1 = Mentioned 9 = Inap. (Split A) 99 = Inap. (33 in V6),NA,NA,NA,X,,,standard,NA
ZA5481,5481,Eurobarometer 75.3,May,2011,v196,QA8A2_3,QA8A2_3 IMPORT ISSUES PERS: RISING PRICES (B),,NA,0 = Not mentioned 1 = Mentioned 9 = Inap. (Split A) 99 = Inap. (33 in V6),NA,NA,NA,X,,,standard,NA
ZA5481,5481,Eurobarometer 75.3,May,2011,v197,QA8A2_4,QA8A2_4 IMPORT ISSUES PERS: TAXATION (B),,NA,0 = Not mentioned 1 = Mentioned 9 = Inap. (Split A) 99 = Inap. (33 in V6),NA,NA,NA,X,,,standard,NA
ZA5481,5481,Eurobarometer 75.3,May,2011,v198,QA8A2_5,QA8A2_5 IMPORT ISSUES PERS: UNEMPLOYMENT (B),,NA,0 = Not mentioned 1 = Mentioned 9 = Inap. (Split A) 99 = Inap. (33 in V6),NA,NA,NA,X,,,standard,NA
ZA5481,5481,Eurobarometer 75.3,May,2011,v199,QA8A2_6,QA8A2_6 IMPORT ISSUES PERS: TERRORISM (B),,NA,0 = Not mentioned 1 = Mentioned 9 = Inap. (Split A) 99 = Inap. (33 in V6),NA,NA,NA,X,,,standard,NA
ZA5481,5481,Eurobarometer 75.3,May,2011,v200,QA8A2_7,QA8A2_7 IMPORT ISSUES PERS: CNTRY INFLUENCE (B),,NA,0 = Not mentioned 1 = Mentioned 9 = Inap. (Split A) 99 = Inap. (33 in V6),NA,NA,NA,X,,,standard,NA
ZA5481,5481,Eurobarometer 75.3,May,2011,v201,QA8A2_8,QA8A2_8 IMPORT ISSUES PERS: PRIVATE DEBT (B),,NA,0 = Not mentioned 1 = Mentioned 9 = Inap. (Split A) 99 = Inap. (33 in V6),NA,NA,NA,X,,,standard,NA
ZA5481,5481,Eurobarometer 75.3,May,2011,v202,QA8A2_9,QA8A2_9 IMPORT ISSUES PERS: IMMIGRATION (B),,NA,0 = Not mentioned 1 = Mentioned 9 = Inap. (Split A) 99 = Inap. (33 in V6),NA,NA,NA,X,,,standard,NA
ZA5481,5481,Eurobarometer 75.3,May,2011,v203,QA8A2_10,QA8A2_10 IMPORT ISSUES PERS: HEALTHCARE SYS (B),,NA,0 = Not mentioned 1 = Mentioned 9 = Inap. (Split A) 99 = Inap. (33 in V6),NA,NA,NA,X,,,standard,NA
ZA5481,5481,Eurobarometer 75.3,May,2011,v204,QA8A2_11,QA8A2_11 IMPORT ISSUES PERS: EDUCATIONAL SYS (B),,NA,0 = Not mentioned 1 = Mentioned 9 = Inap. (Split A) 99 = Inap. (33 in V6),NA,NA,NA,X,,,standard,NA
ZA5481,5481,Eurobarometer 75.3,May,2011,v205,QA8A2_12,QA8A2_12 IMPORT ISSUES PERS: PENSIONS (B),,NA,0 = Not mentioned 1 = Mentioned 9 = Inap. (Split A) 99 = Inap. (33 in V6),NA,NA,NA,X,,,standard,NA
ZA5481,5481,Eurobarometer 75.3,May,2011,v206,QA8A2_13,QA8A2_13 IMPORT ISSUES PERS: THE ENVIRONMENT (B),,NA,0 = Not mentioned 1 = Mentioned 9 = Inap. (Split A) 99 = Inap. (33 in V6),NA,NA,NA,X,,,standard,NA
ZA5481,5481,Eurobarometer 75.3,May,2011,v207,QA8A2_14,QA8A2_14 IMPORT ISSUES PERS: ENERGY COSTS (B),,NA,0 = Not mentioned 1 = Mentioned 9 = Inap. (Split A) 99 = Inap. (33 in V6),NA,NA,NA,X,,,standard,NA
ZA5481,5481,Eurobarometer 75.3,May,2011,v208,QA8A2_15,QA8A2_15 IMPORT ISSUES PERS: CLIMATE CHANGE (B),,NA,0 = Not mentioned 1 = Mentioned 9 = Inap. (Split A) 99 = Inap. (33 in V6),NA,NA,NA,X,,,standard,NA
ZA5481,5481,Eurobarometer 75.3,May,2011,v209,QA8A2_16,QA8A2_16 IMPORT ISSUES PERS: OTHERS (B),,NA,0 = Not mentioned 1 = Mentioned 9 = Inap. (Split A) 99 = Inap. (33 in V6),NA,NA,NA,X,,,standard,NA
ZA5481,5481,Eurobarometer 75.3,May,2011,v210,QA8A2_17,QA8A2_17 IMPORT ISSUES PERS: NONE (B),,NA,0 = Not mentioned 1 = Mentioned 9 = Inap. (Split A) 99 = Inap. (33 in V6),NA,NA,NA,X,,,standard,NA
ZA5481,5481,Eurobarometer 75.3,May,2011,v211,QA8A2_18,QA8A2_18 IMPORT ISSUES PERS: DK (B),,NA,0 = Not mentioned 1 = Mentioned 9 = Inap. (Split A) 99 = Inap. (33 in V6),NA,NA,NA,X,,,standard,NA
ZA5481,5481,Eurobarometer 75.3,May,2011,v212,QA7B1_1,QA7B1_1 IMPORT ISSUES CY-TCC: CRIME (A),,NA,0 = Not mentioned 1 = Mentioned 9 = Inap. (Split B) 99 = Inap. (not 33 in V6),NA,NA,NA,X,,,standard,NA
ZA5481,5481,Eurobarometer 75.3,May,2011,v213,QA7B1_2,QA7B1_2 IMPORT ISSUES CY-TCC: ECONOMIC SIT (A),,NA,0 = Not mentioned 1 = Mentioned 9 = Inap. (Split B) 99 = Inap. (not 33 in V6),NA,NA,NA,X,,,standard,NA
ZA5481,5481,Eurobarometer 75.3,May,2011,v214,QA7B1_3,QA7B1_3 IMPORT ISSUES CY-TCC: RISING PRICES (A),,NA,0 = Not mentioned 1 = Mentioned 9 = Inap. (Split B) 99 = Inap. (not 33 in V6),NA,NA,NA,X,,,standard,NA
ZA5481,5481,Eurobarometer 75.3,May,2011,v215,QA7B1_4,QA7B1_4 IMPORT ISSUES CY-TCC: TAXATION (A),,NA,0 = Not mentioned 1 = Mentioned 9 = Inap. (Split B) 99 = Inap. (not 33 in V6),NA,NA,NA,X,,,standard,NA
ZA5481,5481,Eurobarometer 75.3,May,2011,v216,QA7B1_5,QA7B1_5 IMPORT ISSUES CY-TCC: UNEMPLOYMENT (A),,NA,0 = Not mentioned 1 = Mentioned 9 = Inap. (Split B) 99 = Inap. (not 33 in V6),NA,NA,NA,X,,,standard,NA
ZA5481,5481,Eurobarometer 75.3,May,2011,v217,QA7B1_6,QA7B1_6 IMPORT ISSUES CY-TCC: TERRORISM (A),,NA,0 = Not mentioned 1 = Mentioned 9 = Inap. (Split B) 99 = Inap. (not 33 in V6),NA,NA,NA,X,,,standard,NA
ZA5481,5481,Eurobarometer 75.3,May,2011,v218,QA7B1_7,QA7B1_7 IMPORT ISSUES CY-TCC: CYPRUS ISSUE (A),,NA,0 = Not mentioned 1 = Mentioned 9 = Inap. (Split B) 99 = Inap. (not 33 in V6),NA,NA,NA,X,,,standard,NA
ZA5481,5481,Eurobarometer 75.3,May,2011,v219,QA7B1_8,QA7B1_8 IMPORT ISSUES CY-TCC: HOUSING (A),,NA,0 = Not mentioned 1 = Mentioned 9 = Inap. (Split B) 99 = Inap. (not 33 in V6),NA,NA,NA,X,,,standard,NA
ZA5481,5481,Eurobarometer 75.3,May,2011,v220,QA7B1_9,QA7B1_9 IMPORT ISSUES CY-TCC: IMMIGRATION (A),,NA,0 = Not mentioned 1 = Mentioned 9 = Inap. (Split B) 99 = Inap. (not 33 in V6),NA,NA,NA,X,,,standard,NA
ZA5481,5481,Eurobarometer 75.3,May,2011,v221,QA7B1_10,QA7B1_10 IMPORT ISSUES CY-TCC: HEALTHCARE SYS (A),,NA,0 = Not mentioned 1 = Mentioned 9 = Inap. (Split B) 99 = Inap. (not 33 in V6),NA,NA,NA,X,,,standard,NA
ZA5481,5481,Eurobarometer 75.3,May,2011,v222,QA7B1_11,QA7B1_11 IMPORT ISSUES CY-TCC: EDUCATIONAL SYS (A),,NA,0 = Not mentioned 1 = Mentioned 9 = Inap. (Split B) 99 = Inap. (not 33 in V6),NA,NA,NA,X,,,standard,NA
ZA5481,5481,Eurobarometer 75.3,May,2011,v223,QA7B1_12,QA7B1_12 IMPORT ISSUES CY-TCC: PENSIONS (A),,NA,0 = Not mentioned 1 = Mentioned 9 = Inap. (Split B) 99 = Inap. (not 33 in V6),NA,NA,NA,X,,,standard,NA
ZA5481,5481,Eurobarometer 75.3,May,2011,v224,QA7B1_13,QA7B1_13 IMPORT ISSUES CY-TCC: THE ENVIRONMENT (A),,NA,0 = Not mentioned 1 = Mentioned 9 = Inap. (Split B) 99 = Inap. (not 33 in V6),NA,NA,NA,X,,,standard,NA
ZA5481,5481,Eurobarometer 75.3,May,2011,v225,QA7B1_14,QA7B1_14 IMPORT ISSUES CY-TCC: ENERGY (A),,NA,0 = Not mentioned 1 = Mentioned 9 = Inap. (Split B) 99 = Inap. (not 33 in V6),NA,NA,NA,X,,,standard,NA
ZA5481,5481,Eurobarometer 75.3,May,2011,v226,QA7B1_15,QA7B1_15 IMPORT ISSUES CY-TCC: OTHERS (A),,NA,0 = Not mentioned 1 = Mentioned 9 = Inap. (Split B) 99 = Inap. (not 33 in V6),NA,NA,NA,X,,,standard,NA
ZA5481,5481,Eurobarometer 75.3,May,2011,v227,QA7B1_16,QA7B1_16 IMPORT ISSUES CY-TCC: NONE (A),,NA,0 = Not mentioned 1 = Mentioned (not ment.) 9 = Inap. (Split B) 99 = Inap. (not 33 in V6),NA,NA,NA,X,,,standard,NA
ZA5481,5481,Eurobarometer 75.3,May,2011,v228,QA7B1_17,QA7B1_17 IMPORT ISSUES CY-TCC: DK (A),,NA,0 = Not mentioned 1 = Mentioned 9 = Inap. (Split B) 99 = Inap. (not 33 in V6),NA,NA,NA,X,,,standard,NA
ZA5481,5481,Eurobarometer 75.3,May,2011,v229,QA8B1_1,QA8B1_1 IMPORT ISSUES PERS: CRIME (A),,NA,0 = Not mentioned 1 = Mentioned 9 = Inap. (Split B) 99 = Inap. (not 33 in V6),NA,NA,NA,X,,,standard,NA
ZA5481,5481,Eurobarometer 75.3,May,2011,v230,QA8B1_2,QA8B1_2 IMPORT ISSUES PERS: ECONOMIC SIT (A),,NA,0 = Not mentioned 1 = Mentioned 9 = Inap. (Split B) 99 = Inap. (not 33 in V6),NA,NA,NA,X,,,standard,NA
ZA5481,5481,Eurobarometer 75.3,May,2011,v231,QA8B1_3,QA8B1_3 IMPORT ISSUES PERS: RISING PRICES (A),,NA,0 = Not mentioned 1 = Mentioned 9 = Inap. (Split B) 99 = Inap. (not 33 in V6),NA,NA,NA,X,,,standard,NA
ZA5481,5481,Eurobarometer 75.3,May,2011,v232,QA8B1_4,QA8B1_4 IMPORT ISSUES PERS: TAXATION (A),,NA,0 = Not mentioned 1 = Mentioned 9 = Inap. (Split B) 99 = Inap. (not 33 in V6),NA,NA,NA,X,,,standard,NA
ZA5481,5481,Eurobarometer 75.3,May,2011,v233,QA8B1_5,QA8B1_5 IMPORT ISSUES PERS: UNEMPLOYMENT (A),,NA,0 = Not mentioned 1 = Mentioned 9 = Inap. (Split B) 99 = Inap. (not 33 in V6),NA,NA,NA,X,,,standard,NA
ZA5481,5481,Eurobarometer 75.3,May,2011,v234,QA8B1_6,QA8B1_6 IMPORT ISSUES PERS: TERRORISM (A),,NA,0 = Not mentioned 1 = Mentioned 9 = Inap. (Split B) 99 = Inap. (not 33 in V6),NA,NA,NA,X,,,standard,NA
ZA5481,5481,Eurobarometer 75.3,May,2011,v235,QA8B1_7,QA8B1_7 IMPORT ISSUES PERS: CYPRUS ISSUE (A),,NA,0 = Not mentioned 1 = Mentioned 9 = Inap. (Split B) 99 = Inap. (not 33 in V6),NA,NA,NA,X,,,standard,NA
ZA5481,5481,Eurobarometer 75.3,May,2011,v236,QA8B1_8,QA8B1_8 IMPORT ISSUES PERS: HOUSING (A),,NA,0 = Not mentioned 1 = Mentioned 9 = Inap. (Split B) 99 = Inap. (not 33 in V6),NA,NA,NA,X,,,standard,NA
ZA5481,5481,Eurobarometer 75.3,May,2011,v237,QA8B1_9,QA8B1_9 IMPORT ISSUES PERS: IMMIGRATION (A),,NA,0 = Not mentioned 1 = Mentioned 9 = Inap. (Split B) 99 = Inap. (not 33 in V6),NA,NA,NA,X,,,standard,NA
ZA5481,5481,Eurobarometer 75.3,May,2011,v238,QA8B1_10,QA8B1_10 IMPORT ISSUES PERS: HEALTHCARE SYS (A),,NA,0 = Not mentioned 1 = Mentioned 9 = Inap. (Split B) 99 = Inap. (not 33 in V6),NA,NA,NA,X,,,standard,NA
ZA5481,5481,Eurobarometer 75.3,May,2011,v239,QA8B1_11,QA8B1_11 IMPORT ISSUES PERS: EDUCATIONAL SYS (A),,NA,0 = Not mentioned 1 = Mentioned 9 = Inap. (Split B) 99 = Inap. (not 33 in V6),NA,NA,NA,X,,,standard,NA
ZA5481,5481,Eurobarometer 75.3,May,2011,v240,QA8B1_12,QA8B1_12 IMPORT ISSUES PERS: PENSIONS (A),,NA,0 = Not mentioned 1 = Mentioned 9 = Inap. (Split B) 99 = Inap. (not 33 in V6),NA,NA,NA,X,,,standard,NA
ZA5481,5481,Eurobarometer 75.3,May,2011,v241,QA8B1_13,QA8B1_13 IMPORT ISSUES PERS: THE ENVIRONMENT (A),,NA,0 = Not mentioned 1 = Mentioned 9 = Inap. (Split B) 99 = Inap. (not 33 in V6),NA,NA,NA,X,,,standard,NA
ZA5481,5481,Eurobarometer 75.3,May,2011,v242,QA8B1_14,QA8B1_14 IMPORT ISSUES PERS: ENERGY (A),,NA,0 = Not mentioned 1 = Mentioned 9 = Inap. (Split B) 99 = Inap. (not 33 in V6),NA,NA,NA,X,,,standard,NA
ZA5481,5481,Eurobarometer 75.3,May,2011,v243,QA8B1_15,QA8B1_15 IMPORT ISSUES PERS: OTHERS (A),,NA,0 = Not mentioned 1 = Mentioned (not ment.) 9 = Inap. (Split B) 99 = Inap. (not 33 in V6),NA,NA,NA,X,,,standard,NA
ZA5481,5481,Eurobarometer 75.3,May,2011,v244,QA8B1_16,QA8B1_16 IMPORT ISSUES PERS: NONE (A),,NA,0 = Not mentioned 1 = Mentioned (not ment.) 9 = Inap. (Split B) 99 = Inap. (not 33 in V6),NA,NA,NA,X,,,standard,NA
ZA5481,5481,Eurobarometer 75.3,May,2011,v245,QA8B1_17,QA8B1_17 IMPORT ISSUES PERS: DK (A),,NA,0 = Not mentioned 1 = Mentioned 9 = Inap. (Split B) 99 = Inap. (not 33 in V6),NA,NA,NA,X,,,standard,NA
ZA5481,5481,Eurobarometer 75.3,May,2011,v246,QA7B2_1,QA7B2_1 IMPORT ISSUES CY-TCC: CRIME (B),,NA,0 = Not mentioned 1 = Mentioned 9 = Inap. (Split A) 99 = Inap. (not 33 in V6),NA,NA,NA,X,,,standard,NA
ZA5481,5481,Eurobarometer 75.3,May,2011,v247,QA7B2_2,QA7B2_2 IMPORT ISSUES CY-TCC: ECONOMIC SIT (B),,NA,0 = Not mentioned 1 = Mentioned 9 = Inap. (Split A) 99 = Inap. (not 33 in V6),NA,NA,NA,X,,,standard,NA
ZA5481,5481,Eurobarometer 75.3,May,2011,v248,QA7B2_3,QA7B2_3 IMPORT ISSUES CY-TCC: RISING PRICES (B),,NA,0 = Not mentioned 1 = Mentioned 9 = Inap. (Split A) 99 = Inap. (not 33 in V6),NA,NA,NA,X,,,standard,NA
ZA5481,5481,Eurobarometer 75.3,May,2011,v249,QA7B2_4,QA7B2_4 IMPORT ISSUES CY-TCC: TAXATION (B),,NA,0 = Not mentioned 1 = Mentioned 9 = Inap. (Split A) 99 = Inap. (not 33 in V6),NA,NA,NA,X,,,standard,NA
ZA5481,5481,Eurobarometer 75.3,May,2011,v250,QA7B2_5,QA7B2_5 IMPORT ISSUES CY-TCC: UNEMPLOYMENT (B),,NA,0 = Not mentioned 1 = Mentioned 9 = Inap. (Split A) 99 = Inap. (not 33 in V6),NA,NA,NA,X,,,standard,NA
ZA5481,5481,Eurobarometer 75.3,May,2011,v251,QA7B2_6,QA7B2_6 IMPORT ISSUES CY-TCC: TERRORISM (B),,NA,0 = Not mentioned 1 = Mentioned 9 = Inap. (Split A) 99 = Inap. (not 33 in V6),NA,NA,NA,X,,,standard,NA
ZA5481,5481,Eurobarometer 75.3,May,2011,v252,QA7B2_7,QA7B2_7 IMPORT ISSUES CY-TCC: COMM INFLUENCE (B),,NA,0 = Not mentioned 1 = Mentioned 9 = Inap. (Split A) 99 = Inap. (not 33 in V6),NA,NA,NA,X,,,standard,NA
ZA5481,5481,Eurobarometer 75.3,May,2011,v253,QA7B2_8,QA7B2_8 IMPORT ISSUES CY-TCC: COMM DEBT (B),,NA,0 = Not mentioned 1 = Mentioned 9 = Inap. (Split A) 99 = Inap. (not 33 in V6),NA,NA,NA,X,,,standard,NA
ZA5481,5481,Eurobarometer 75.3,May,2011,v254,QA7B2_9,QA7B2_9 IMPORT ISSUES CY-TCC: IMMIGRATION (B),,NA,0 = Not mentioned 1 = Mentioned 9 = Inap. (Split A) 99 = Inap. (not 33 in V6),NA,NA,NA,X,,,standard,NA
ZA5481,5481,Eurobarometer 75.3,May,2011,v255,QA7B2_10,QA7B2_10 IMPORT ISSUES CY-TCC: HEALTHCARE SYS (B),,NA,0 = Not mentioned 1 = Mentioned 9 = Inap. (Split A) 99 = Inap. (not 33 in V6),NA,NA,NA,X,,,standard,NA
ZA5481,5481,Eurobarometer 75.3,May,2011,v256,QA7B2_11,QA7B2_11 IMPORT ISSUES CY-TCC: EDUCATIONAL SYS (B),,NA,0 = Not mentioned 1 = Mentioned 9 = Inap. (Split A) 99 = Inap. (not 33 in V6),NA,NA,NA,X,,,standard,NA
ZA5481,5481,Eurobarometer 75.3,May,2011,v257,QA7B2_12,QA7B2_12 IMPORT ISSUES CY-TCC: PENSIONS (B),,NA,0 = Not mentioned 1 = Mentioned 9 = Inap. (Split A) 99 = Inap. (not 33 in V6),NA,NA,NA,X,,,standard,NA
ZA5481,5481,Eurobarometer 75.3,May,2011,v258,QA7B2_13,QA7B2_13 IMPORT ISSUES CY-TCC: THE ENVIRONMENT (B),,NA,0 = Not mentioned 1 = Mentioned 9 = Inap. (Split A) 99 = Inap. (not 33 in V6),NA,NA,NA,X,,,standard,NA
ZA5481,5481,Eurobarometer 75.3,May,2011,v259,QA7B2_14,QA7B2_14 IMPORT ISSUES CY-TCC: ENERGY SUPPLY (B),,NA,0 = Not mentioned 1 = Mentioned 9 = Inap. (Split A) 99 = Inap. (not 33 in V6),NA,NA,NA,X,,,standard,NA
ZA5481,5481,Eurobarometer 75.3,May,2011,v260,QA7B2_15,QA7B2_15 IMPORT ISSUES CY-TCC: CLIMATE CHANGE (B),,NA,0 = Not mentioned 1 = Mentioned 9 = Inap. (Split A) 99 = Inap. (not 33 in V6),NA,NA,NA,X,,,standard,NA
ZA5481,5481,Eurobarometer 75.3,May,2011,v261,QA7B2_16,QA7B2_16 IMPORT ISSUES CY-TCC: OTHERS (B),,NA,0 = Not mentioned 1 = Mentioned (not ment.) 9 = Inap. (Split A) 99 = Inap. (not 33 in V6),NA,NA,NA,X,,,standard,NA
ZA5481,5481,Eurobarometer 75.3,May,2011,v262,QA7B2_17,QA7B2_17 IMPORT ISSUES CY-TCC: NONE (B),,NA,0 = Not mentioned 1 = Mentioned (not ment.) 9 = Inap. (Split A) 99 = Inap. (not 33 in V6),NA,NA,NA,X,,,standard,NA
ZA5481,5481,Eurobarometer 75.3,May,2011,v263,QA7B2_18,QA7B2_18 IMPORT ISSUES CY-TCC: DK (B),,NA,0 = Not mentioned 1 = Mentioned 9 = Inap. (Split A) 99 = Inap. (not 33 in V6),NA,NA,NA,X,,,standard,NA
ZA5481,5481,Eurobarometer 75.3,May,2011,v264,QA8B2_1,QA8B2_1 IMPORT ISSUES PERS: CRIME (B),,NA,0 = Not mentioned 1 = Mentioned 9 = Inap. (Split A) 99 = Inap. (not 33 in V6),NA,NA,NA,X,,,standard,NA
ZA5481,5481,Eurobarometer 75.3,May,2011,v265,QA8B2_2,QA8B2_2 IMPORT ISSUES PERS: ECONOMIC SIT (B),,NA,0 = Not mentioned 1 = Mentioned 9 = Inap. (Split A) 99 = Inap. (not 33 in V6),NA,NA,NA,X,,,standard,NA
ZA5481,5481,Eurobarometer 75.3,May,2011,v266,QA8B2_3,QA8B2_3 IMPORT ISSUES PERS: RISING PRICES (B),,NA,0 = Not mentioned 1 = Mentioned 9 = Inap. (Split A) 99 = Inap. (not 33 in V6),NA,NA,NA,X,,,standard,NA
ZA5481,5481,Eurobarometer 75.3,May,2011,v267,QA8B2_4,QA8B2_4 IMPORT ISSUES PERS: TAXATION (B),,NA,0 = Not mentioned 1 = Mentioned 9 = Inap. (Split A) 99 = Inap. (not 33 in V6),NA,NA,NA,X,,,standard,NA
ZA5481,5481,Eurobarometer 75.3,May,2011,v268,QA8B2_5,QA8B2_5 IMPORT ISSUES PERS: UNEMPLOYMENT (B),,NA,0 = Not mentioned 1 = Mentioned 9 = Inap. (Split A) 99 = Inap. (not 33 in V6),NA,NA,NA,X,,,standard,NA
ZA5481,5481,Eurobarometer 75.3,May,2011,v269,QA8B2_6,QA8B2_6 IMPORT ISSUES PERS: TERRORISM (B),,NA,0 = Not mentioned 1 = Mentioned 9 = Inap. (Split A) 99 = Inap. (not 33 in V6),NA,NA,NA,X,,,standard,NA
ZA5481,5481,Eurobarometer 75.3,May,2011,v270,QA8B2_7,QA8B2_7 IMPORT ISSUES PERS: COMM INFLUENCE (B),,NA,0 = Not mentioned 1 = Mentioned 9 = Inap. (Split A) 99 = Inap. (not 33 in V6),NA,NA,NA,X,,,standard,NA
ZA5481,5481,Eurobarometer 75.3,May,2011,v271,QA8B2_8,QA8B2_8 IMPORT ISSUES PERS: PRIVATE DEBT (B),,NA,0 = Not mentioned 1 = Mentioned 9 = Inap. (Split A) 99 = Inap. (not 33 in V6),NA,NA,NA,X,,,standard,NA
ZA5481,5481,Eurobarometer 75.3,May,2011,v272,QA8B2_9,QA8B2_9 IMPORT ISSUES PERS: IMMIGRATION (B),,NA,0 = Not mentioned 1 = Mentioned 9 = Inap. (Split A) 99 = Inap. (not 33 in V6),NA,NA,NA,X,,,standard,NA
ZA5481,5481,Eurobarometer 75.3,May,2011,v273,QA8B2_10,QA8B2_10 IMPORT ISSUES PERS: HEALTHCARE SYS (B),,NA,0 = Not mentioned 1 = Mentioned 9 = Inap. (Split A) 99 = Inap. (not 33 in V6),NA,NA,NA,X,,,standard,NA
ZA5481,5481,Eurobarometer 75.3,May,2011,v274,QA8B2_11,QA8B2_11 IMPORT ISSUES PERS: EDUCATIONAL SYS (B),,NA,0 = Not mentioned 1 = Mentioned 9 = Inap. (Split A) 99 = Inap. (not 33 in V6),NA,NA,NA,X,,,standard,NA
ZA5481,5481,Eurobarometer 75.3,May,2011,v275,QA8B2_12,QA8B2_12 IMPORT ISSUES PERS: PENSIONS (B),,NA,0 = Not mentioned 1 = Mentioned 9 = Inap. (Split A) 99 = Inap. (not 33 in V6),NA,NA,NA,X,,,standard,NA
ZA5481,5481,Eurobarometer 75.3,May,2011,v276,QA8B2_13,QA8B2_13 IMPORT ISSUES PERS: THE ENVIRONMENT (B),,NA,0 = Not mentioned 1 = Mentioned 9 = Inap. (Split A) 99 = Inap. (not 33 in V6),NA,NA,NA,X,,,standard,NA
ZA5481,5481,Eurobarometer 75.3,May,2011,v277,QA8B2_14,QA8B2_14 IMPORT ISSUES PERS: ENERGY COSTS (B),,NA,0 = Not mentioned 1 = Mentioned 9 = Inap. (Split A) 99 = Inap. (not 33 in V6),NA,NA,NA,X,,,standard,NA
ZA5481,5481,Eurobarometer 75.3,May,2011,v278,QA8B2_15,QA8B2_15 IMPORT ISSUES PERS: CLIMATE CHANGE (B),,NA,0 = Not mentioned 1 = Mentioned 9 = Inap. (Split A) 99 = Inap. (not 33 in V6),NA,NA,NA,X,,,standard,NA
ZA5481,5481,Eurobarometer 75.3,May,2011,v279,QA8B2_16,QA8B2_16 IMPORT ISSUES PERS: OTHERS (B),,NA,0 = Not mentioned 1 = Mentioned (not ment.) 9 = Inap. (Split A) 99 = Inap. (not 33 in V6),NA,NA,NA,X,,,standard,NA
ZA5481,5481,Eurobarometer 75.3,May,2011,v280,QA8B2_17,QA8B2_17 IMPORT ISSUES PERS: NONE (B),,NA,0 = Not mentioned 1 = Mentioned 9 = Inap. (Split A) 99 = Inap. (not 33 in V6),NA,NA,NA,X,,,standard,NA
ZA5481,5481,Eurobarometer 75.3,May,2011,v281,QA8B2_18,QA8B2_18 IMPORT ISSUES PERS: DK (B),,NA,0 = Not mentioned 1 = Mentioned 9 = Inap. (Split A) 99 = Inap. (not 33 in V6),NA,NA,NA,X,,,standard,NA
ZA5481,5481,Eurobarometer 75.3,May,2011,v282,QA9_1,QA9_1 IMPORT ISSUES EU: CRIME,,NA,0 = Not mentioned 1 = Mentioned,NA,NA,NA,X,,,standard,NA
ZA5481,5481,Eurobarometer 75.3,May,2011,v283,QA9_2,QA9_2 IMPORT ISSUES EU: ECONOMIC SIT,,NA,0 = Not mentioned 1 = Mentioned,NA,NA,NA,X,,,standard,NA
ZA5481,5481,Eurobarometer 75.3,May,2011,v284,QA9_3,QA9_3 IMPORT ISSUES EU: RISING PRICES,,NA,0 = Not mentioned 1 = Mentioned,NA,NA,NA,X,,,standard,NA
ZA5481,5481,Eurobarometer 75.3,May,2011,v285,QA9_4,QA9_4 IMPORT ISSUES EU: TAXATION,,NA,0 = Not mentioned 1 = Mentioned,NA,NA,NA,X,,,standard,NA
ZA5481,5481,Eurobarometer 75.3,May,2011,v286,QA9_5,QA9_5 IMPORT ISSUES EU: UNEMPLOYMENT,,NA,0 = Not mentioned 1 = Mentioned,NA,NA,NA,X,,,standard,NA
ZA5481,5481,Eurobarometer 75.3,May,2011,v287,QA9_6,QA9_6 IMPORT ISSUES EU: TERRORISM,,NA,0 = Not mentioned 1 = Mentioned,NA,NA,NA,X,,,standard,NA
ZA5481,5481,Eurobarometer 75.3,May,2011,v288,QA9_7,QA9_7 IMPORT ISSUES EU: INFLUENCE IN WORLD,,NA,0 = Not mentioned 1 = Mentioned,NA,NA,NA,X,,,standard,NA
ZA5481,5481,Eurobarometer 75.3,May,2011,v289,QA9_8,QA9_8 IMPORT ISSUES EU: MEMBER FINANCES,,NA,0 = Not mentioned 1 = Mentioned,NA,NA,NA,X,,,standard,NA
ZA5481,5481,Eurobarometer 75.3,May,2011,v290,QA9_9,QA9_9 IMPORT ISSUES EU: IMMIGRATION,,NA,0 = Not mentioned 1 = Mentioned,NA,NA,NA,X,,,standard,NA
ZA5481,5481,Eurobarometer 75.3,May,2011,v291,QA9_10,QA9_10 IMPORT ISSUES EU: PENSIONS,,NA,0 = Not mentioned 1 = Mentioned,NA,NA,NA,X,,,standard,NA
ZA5481,5481,Eurobarometer 75.3,May,2011,v292,QA9_11,QA9_11 IMPORT ISSUES EU: THE ENVIRONMENT,,NA,0 = Not mentioned 1 = Mentioned,NA,NA,NA,X,,,standard,NA
ZA5481,5481,Eurobarometer 75.3,May,2011,v293,QA9_12,QA9_12 IMPORT ISSUES EU: ENERGY SUPPLY,,NA,0 = Not mentioned 1 = Mentioned,NA,NA,NA,X,,,standard,NA
ZA5481,5481,Eurobarometer 75.3,May,2011,v294,QA9_13,QA9_13 IMPORT ISSUES EU: CLIMATE CHANGE,,NA,0 = Not mentioned 1 = Mentioned,NA,NA,NA,X,,,standard,NA
ZA5481,5481,Eurobarometer 75.3,May,2011,v295,QA9_14,QA9_14 IMPORT ISSUES EU: OTHERS,,NA,0 = Not mentioned 1 = Mentioned,NA,NA,NA,X,,,standard,NA
ZA5481,5481,Eurobarometer 75.3,May,2011,v296,QA9_15,QA9_15 IMPORT ISSUES EU: NONE,,NA,0 = Not mentioned 1 = Mentioned,NA,NA,NA,X,,,standard,NA
ZA5481,5481,Eurobarometer 75.3,May,2011,v297,QA9_16,QA9_16 IMPORT ISSUES EU: DK,,NA,0 = Not mentioned 1 = Mentioned,NA,NA,NA,X,,,standard,NA
ZA5481,5481,Eurobarometer 75.3,May,2011,v753,"QA7,","SPLIT (QA7, QA8, QC6, QC10)",,NA,1 = Questionnaire Version A 2 = Questionnaire Version B,NA,NA,NA,X,,,standard,NA
ZA5567,5567,Eurobarometer 76.3,Nov,2011,isocntry,isocntry,COUNTRY CODE - ISO 3166,,isocntry, = BE  = DK  = GR  = ES  = FI  = FR  = IE  = IT  = LU  = NL  = AT  = PT  = SE  = DE-W  = DE-E  = GB-GBN  = GB-NIR  = BG  = CY  = CZ  = EE  = HU  = LV  = LT  = MT  = PL  = RO  = SK  = SI  = TR  = IS  = HR  = CY-TCC  = MK  = ME,NA,NA,NA,X,,,standard,NA
ZA5567,5567,Eurobarometer 76.3,Nov,2011,qa6a1_1,qa6a1_1,IMPORT ISSUES CTRY: CRIME,,cntry_crime_a,0 = Not mentioned 1 = Mentioned 9 = Inap. SPLIT B (2 in split) 99 = Inap. (CY-TCC in isocntry),NA,NA,NA,X,,,standard,NA
ZA5567,5567,Eurobarometer 76.3,Nov,2011,qa6a1_2,qa6a1_2,IMPORT ISSUES CTRY: ECONOMIC SITUATION,,cntry_crime_economic_a,0 = Not mentioned 1 = Mentioned 9 = Inap. SPLIT B (2 in split) 99 = Inap. (CY-TCC in isocntry),NA,NA,NA,X,,,standard,NA
ZA5567,5567,Eurobarometer 76.3,Nov,2011,qa6a1_3,qa6a1_3,IMPORT ISSUES CTRY: RISING PRICES/INFLATION,,cntry_inflation_a,0 = Not mentioned 1 = Mentioned 9 = Inap. SPLIT B (2 in split) 99 = Inap. (CY-TCC in isocntry),NA,NA,NA,X,,,standard,NA
ZA5567,5567,Eurobarometer 76.3,Nov,2011,qa6a1_4,qa6a1_4,IMPORT ISSUES CTRY: TAXATION,,cntry_taxation_a,0 = Not mentioned 1 = Mentioned 9 = Inap. SPLIT B (2 in split) 99 = Inap. (CY-TCC in isocntry),NA,NA,NA,X,,,standard,NA
ZA5567,5567,Eurobarometer 76.3,Nov,2011,qa6a1_5,qa6a1_5,IMPORT ISSUES CTRY: UNEMPLOYMENT,,cntry_unemployment_a,0 = Not mentioned 1 = Mentioned 9 = Inap. SPLIT B (2 in split) 99 = Inap. (CY-TCC in isocntry),NA,NA,NA,X,,,standard,NA
ZA5567,5567,Eurobarometer 76.3,Nov,2011,qa6a1_6,qa6a1_6,IMPORT ISSUES CTRY: TERRORISM,,cntry_terrorism_a,0 = Not mentioned 1 = Mentioned 9 = Inap. SPLIT B (2 in split) 99 = Inap. (CY-TCC in isocntry),NA,NA,NA,X,,,standard,NA
ZA5567,5567,Eurobarometer 76.3,Nov,2011,qa6a1_7,qa6a1_7,IMPORT ISSUES CTRY: DEFENCE/FOREIGN AFFAIRS,,cntry_defence_a,0 = Not mentioned 1 = Mentioned 9 = Inap. SPLIT B (2 in split) 99 = Inap. (CY-TCC in isocntry),NA,NA,NA,X,,,standard,NA
ZA5567,5567,Eurobarometer 76.3,Nov,2011,qa6a1_8,qa6a1_8,IMPORT ISSUES CTRY: HOUSING,,cntry_housing_a,0 = Not mentioned 1 = Mentioned 9 = Inap. SPLIT B (2 in split) 99 = Inap. (CY-TCC in isocntry),NA,NA,NA,X,,,standard,NA
ZA5567,5567,Eurobarometer 76.3,Nov,2011,qa6a1_9,qa6a1_9,IMPORT ISSUES CTRY: IMMIGRATION,,cntry_immigration_a,0 = Not mentioned 1 = Mentioned 9 = Inap. SPLIT B (2 in split) 99 = Inap. (CY-TCC in isocntry),NA,NA,NA,X,,,standard,NA
ZA5567,5567,Eurobarometer 76.3,Nov,2011,qa6a1_10,qa6a1_10,IMPORT ISSUES CTRY: HEALTH CARE SYSTEM,,cntry_healthcare_a,0 = Not mentioned 1 = Mentioned 9 = Inap. SPLIT B (2 in split) 99 = Inap. (CY-TCC in isocntry),NA,NA,NA,X,,,standard,NA
ZA5567,5567,Eurobarometer 76.3,Nov,2011,qa6a1_11,qa6a1_11,IMPORT ISSUES CTRY: EDUCATIONAL SYSTEM,,cntry_education_a,0 = Not mentioned 1 = Mentioned 9 = Inap. SPLIT B (2 in split) 99 = Inap. (CY-TCC in isocntry),NA,NA,NA,X,,,standard,NA
ZA5567,5567,Eurobarometer 76.3,Nov,2011,qa6a1_12,qa6a1_12,IMPORT ISSUES CTRY: PENSIONS,,cntry_pensions_a,0 = Not mentioned 1 = Mentioned 9 = Inap. SPLIT B (2 in split) 99 = Inap. (CY-TCC in isocntry),NA,NA,NA,X,,,standard,NA
ZA5567,5567,Eurobarometer 76.3,Nov,2011,qa6a1_13,qa6a1_13,IMPORT ISSUES CTRY: THE ENVIRONMENT,,cntry_environment_a,0 = Not mentioned 1 = Mentioned 9 = Inap. SPLIT B (2 in split) 99 = Inap. (CY-TCC in isocntry),NA,NA,NA,X,,,standard,NA
ZA5567,5567,Eurobarometer 76.3,Nov,2011,qa6a1_14,qa6a1_14,IMPORT ISSUES CTRY: ENERGY,,cntry_energy_a,0 = Not mentioned 1 = Mentioned 9 = Inap. SPLIT B (2 in split) 99 = Inap. (CY-TCC in isocntry),NA,NA,NA,X,,,standard,NA
ZA5567,5567,Eurobarometer 76.3,Nov,2011,qa6a1_15,qa6a1_15,IMPORT ISSUES CTRY: OTHERS,,cntry_others_a,0 = Not mentioned 1 = Mentioned 9 = Inap. SPLIT B (2 in split) 99 = Inap. (CY-TCC in isocntry),NA,NA,NA,X,,,standard,NA
ZA5567,5567,Eurobarometer 76.3,Nov,2011,qa6a1_16,qa6a1_16,IMPORT ISSUES CTRY: NONE,,cntry_none_a,0 = Not mentioned 1 = Mentioned 9 = Inap. SPLIT B (2 in split) 99 = Inap. (CY-TCC in isocntry),NA,NA,NA,X,,,standard,NA
ZA5567,5567,Eurobarometer 76.3,Nov,2011,qa6a1_17,qa6a1_17,IMPORT ISSUES CTRY: DK,,cntry_dk_a,0 = Not mentioned 1 = Mentioned 9 = Inap. SPLIT B (2 in split) 99 = Inap. (CY-TCC in isocntry),NA,NA,NA,X,,,standard,NA
ZA5567,5567,Eurobarometer 76.3,Nov,2011,qa7a1_1,qa7a1_1,IMPORT ISSUES PERS: CRIME,,NA,0 = Not mentioned 1 = Mentioned 9 = Inap. SPLIT B (2 in split) 99 = Inap. (CY-TCC in isocntry),NA,NA,NA,X,,,standard,NA
ZA5567,5567,Eurobarometer 76.3,Nov,2011,qa7a1_2,qa7a1_2,IMPORT ISSUES PERS: ECONOMIC SITUATION,,NA,0 = Not mentioned 1 = Mentioned 9 = Inap. SPLIT B (2 in split) 99 = Inap. (CY-TCC in isocntry),NA,NA,NA,X,,,standard,NA
ZA5567,5567,Eurobarometer 76.3,Nov,2011,qa7a1_3,qa7a1_3,IMPORT ISSUES PERS: RISING PRICES/INFLATION,,NA,0 = Not mentioned 1 = Mentioned 9 = Inap. SPLIT B (2 in split) 99 = Inap. (CY-TCC in isocntry),NA,NA,NA,X,,,standard,NA
ZA5567,5567,Eurobarometer 76.3,Nov,2011,qa7a1_4,qa7a1_4,IMPORT ISSUES PERS: TAXATION,,NA,0 = Not mentioned 1 = Mentioned 9 = Inap. SPLIT B (2 in split) 99 = Inap. (CY-TCC in isocntry),NA,NA,NA,X,,,standard,NA
ZA5567,5567,Eurobarometer 76.3,Nov,2011,qa7a1_5,qa7a1_5,IMPORT ISSUES PERS: UNEMPLOYMENT,,NA,0 = Not mentioned 1 = Mentioned 9 = Inap. SPLIT B (2 in split) 99 = Inap. (CY-TCC in isocntry),NA,NA,NA,X,,,standard,NA
ZA5567,5567,Eurobarometer 76.3,Nov,2011,qa7a1_6,qa7a1_6,IMPORT ISSUES PERS: TERRORISM,,NA,0 = Not mentioned 1 = Mentioned 9 = Inap. SPLIT B (2 in split) 99 = Inap. (CY-TCC in isocntry),NA,NA,NA,X,,,standard,NA
ZA5567,5567,Eurobarometer 76.3,Nov,2011,qa7a1_7,qa7a1_7,IMPORT ISSUES PERS: DEFENCE/FOREIGN AFFAIRS,,NA,0 = Not mentioned 1 = Mentioned 9 = Inap. SPLIT B (2 in split) 99 = Inap. (CY-TCC in isocntry),NA,NA,NA,X,,,standard,NA
ZA5567,5567,Eurobarometer 76.3,Nov,2011,qa7a1_8,qa7a1_8,IMPORT ISSUES PERS: HOUSING,,NA,0 = Not mentioned 1 = Mentioned 9 = Inap. SPLIT B (2 in split) 99 = Inap. (CY-TCC in isocntry),NA,NA,NA,X,,,standard,NA
ZA5567,5567,Eurobarometer 76.3,Nov,2011,qa7a1_9,qa7a1_9,IMPORT ISSUES PERS: IMMIGRATION,,NA,0 = Not mentioned 1 = Mentioned 9 = Inap. SPLIT B (2 in split) 99 = Inap. (CY-TCC in isocntry),NA,NA,NA,X,,,standard,NA
ZA5567,5567,Eurobarometer 76.3,Nov,2011,qa7a1_10,qa7a1_10,IMPORT ISSUES PERS: HEALTH CARE SYSTEM,,NA,0 = Not mentioned 1 = Mentioned 9 = Inap. SPLIT B (2 in split) 99 = Inap. (CY-TCC in isocntry),NA,NA,NA,X,,,standard,NA
ZA5567,5567,Eurobarometer 76.3,Nov,2011,qa7a1_11,qa7a1_11,IMPORT ISSUES PERS: EDUCATIONAL SYSTEM,,NA,0 = Not mentioned 1 = Mentioned 9 = Inap. SPLIT B (2 in split) 99 = Inap. (CY-TCC in isocntry),NA,NA,NA,X,,,standard,NA
ZA5567,5567,Eurobarometer 76.3,Nov,2011,qa7a1_12,qa7a1_12,IMPORT ISSUES PERS: PENSIONS,,NA,0 = Not mentioned 1 = Mentioned 9 = Inap. SPLIT B (2 in split) 99 = Inap. (CY-TCC in isocntry),NA,NA,NA,X,,,standard,NA
ZA5567,5567,Eurobarometer 76.3,Nov,2011,qa7a1_13,qa7a1_13,IMPORT ISSUES PERS: THE ENVIRONMENT,,NA,0 = Not mentioned 1 = Mentioned 9 = Inap. SPLIT B (2 in split) 99 = Inap. (CY-TCC in isocntry),NA,NA,NA,X,,,standard,NA
ZA5567,5567,Eurobarometer 76.3,Nov,2011,qa7a1_14,qa7a1_14,IMPORT ISSUES PERS: ENERGY,,NA,0 = Not mentioned 1 = Mentioned 9 = Inap. SPLIT B (2 in split) 99 = Inap. (CY-TCC in isocntry),NA,NA,NA,X,,,standard,NA
ZA5567,5567,Eurobarometer 76.3,Nov,2011,qa7a1_15,qa7a1_15,IMPORT ISSUES PERS: OTHERS,,NA,0 = Not mentioned 1 = Mentioned 9 = Inap. SPLIT B (2 in split) 99 = Inap. (CY-TCC in isocntry),NA,NA,NA,X,,,standard,NA
ZA5567,5567,Eurobarometer 76.3,Nov,2011,qa7a1_16,qa7a1_16,IMPORT ISSUES PERS: NONE,,NA,0 = Not mentioned 1 = Mentioned 9 = Inap. SPLIT B (2 in split) 99 = Inap. (CY-TCC in isocntry),NA,NA,NA,X,,,standard,NA
ZA5567,5567,Eurobarometer 76.3,Nov,2011,qa7a1_17,qa7a1_17,IMPORT ISSUES PERS: DK,,NA,0 = Not mentioned 1 = Mentioned 9 = Inap. SPLIT B (2 in split) 99 = Inap. (CY-TCC in isocntry),NA,NA,NA,X,,,standard,NA
ZA5567,5567,Eurobarometer 76.3,Nov,2011,qa6a2_1,qa6a2_1,IMPORT ISSUES CTRY: CRIME,,cntry_crime_b,0 = Not mentioned 1 = Mentioned 9 = Inap. SPLIT A (1 in split) 99 = Inap. (CY-TCC in isocntry),NA,NA,NA,X,,,standard,NA
ZA5567,5567,Eurobarometer 76.3,Nov,2011,qa6a2_2,qa6a2_2,IMPORT ISSUES CTRY: ECONOMIC SITUATION,,cntry_crime_economic_b,0 = Not mentioned 1 = Mentioned 9 = Inap. SPLIT A (1 in split) 99 = Inap. (CY-TCC in isocntry),NA,NA,NA,X,,,standard,NA
ZA5567,5567,Eurobarometer 76.3,Nov,2011,qa6a2_3,qa6a2_3,IMPORT ISSUES CTRY: RISING PRICES/INFLATION,,cntry_inflation_b,0 = Not mentioned 1 = Mentioned 9 = Inap. SPLIT A (1 in split) 99 = Inap. (CY-TCC in isocntry),NA,NA,NA,X,,,standard,NA
ZA5567,5567,Eurobarometer 76.3,Nov,2011,qa6a2_4,qa6a2_4,IMPORT ISSUES CTRY: TAXATION,,cntry_taxation_b,0 = Not mentioned 1 = Mentioned 9 = Inap. SPLIT A (1 in split) 99 = Inap. (CY-TCC in isocntry),NA,NA,NA,X,,,standard,NA
ZA5567,5567,Eurobarometer 76.3,Nov,2011,qa6a2_5,qa6a2_5,IMPORT ISSUES CTRY: UNEMPLOYMENT,,cntry_unemployment_b,0 = Not mentioned 1 = Mentioned 9 = Inap. SPLIT A (1 in split) 99 = Inap. (CY-TCC in isocntry),NA,NA,NA,X,,,standard,NA
ZA5567,5567,Eurobarometer 76.3,Nov,2011,qa6a2_6,qa6a2_6,IMPORT ISSUES CTRY: TERRORISM,,cntry_terrorism_b,0 = Not mentioned 1 = Mentioned 9 = Inap. SPLIT A (1 in split) 99 = Inap. (CY-TCC in isocntry),NA,NA,NA,X,,,standard,NA
ZA5567,5567,Eurobarometer 76.3,Nov,2011,qa6a2_7,qa6a2_7,IMPORT ISSUES CTRY: CNTRYS EXTERNAL INFLUENCE,,cntry_influence_b,0 = Not mentioned 1 = Mentioned 9 = Inap. SPLIT A (1 in split) 99 = Inap. (CY-TCC in isocntry),NA,NA,NA,X,,,standard,NA
ZA5567,5567,Eurobarometer 76.3,Nov,2011,qa6a2_8,qa6a2_8,IMPORT ISSUES CTRY: GOVERNMENT DEBT,,cntry_govdebt_b,0 = Not mentioned 1 = Mentioned 9 = Inap. SPLIT A (1 in split) 99 = Inap. (CY-TCC in isocntry),NA,NA,NA,X,,,standard,NA
ZA5567,5567,Eurobarometer 76.3,Nov,2011,qa6a2_9,qa6a2_9,IMPORT ISSUES CTRY: IMMIGRATION,,cntry_immigration_b,0 = Not mentioned 1 = Mentioned 9 = Inap. SPLIT A (1 in split) 99 = Inap. (CY-TCC in isocntry),NA,NA,NA,X,,,standard,NA
ZA5567,5567,Eurobarometer 76.3,Nov,2011,qa6a2_10,qa6a2_10,IMPORT ISSUES CTRY: HEALTH CARE SYSTEM,,cntry_healthcare_b,0 = Not mentioned 1 = Mentioned 9 = Inap. SPLIT A (1 in split) 99 = Inap. (CY-TCC in isocntry),NA,NA,NA,X,,,standard,NA
ZA5567,5567,Eurobarometer 76.3,Nov,2011,qa6a2_11,qa6a2_11,IMPORT ISSUES CTRY: EDUCATIONAL SYSTEM,,cntry_education_b,0 = Not mentioned 1 = Mentioned 9 = Inap. SPLIT A (1 in split) 99 = Inap. (CY-TCC in isocntry),NA,NA,NA,X,,,standard,NA
ZA5567,5567,Eurobarometer 76.3,Nov,2011,qa6a2_12,qa6a2_12,IMPORT ISSUES CTRY: PENSIONS,,cntry_pensions_b,0 = Not mentioned 1 = Mentioned 9 = Inap. SPLIT A (1 in split) 99 = Inap. (CY-TCC in isocntry),NA,NA,NA,X,,,standard,NA
ZA5567,5567,Eurobarometer 76.3,Nov,2011,qa6a2_13,qa6a2_13,IMPORT ISSUES CTRY: THE ENVIRONMENT,,cntry_environment_b,0 = Not mentioned 1 = Mentioned 9 = Inap. SPLIT A (1 in split) 99 = Inap. (CY-TCC in isocntry),NA,NA,NA,X,,,standard,NA
ZA5567,5567,Eurobarometer 76.3,Nov,2011,qa6a2_14,qa6a2_14,IMPORT ISSUES CTRY: ENERGY SUPPLY,,cntry_energy_b,0 = Not mentioned 1 = Mentioned 9 = Inap. SPLIT A (1 in split) 99 = Inap. (CY-TCC in isocntry),NA,NA,NA,X,,,standard,NA
ZA5567,5567,Eurobarometer 76.3,Nov,2011,qa6a2_15,qa6a2_15,IMPORT ISSUES CTRY: CLIMATE CHANGE,,cntry_climate_b,0 = Not mentioned 1 = Mentioned 9 = Inap. SPLIT A (1 in split) 99 = Inap. (CY-TCC in isocntry),NA,NA,NA,X,,,standard,NA
ZA5567,5567,Eurobarometer 76.3,Nov,2011,qa6a2_16,qa6a2_16,IMPORT ISSUES CTRY: OTHERS,,cntry_others_b,0 = Not mentioned 1 = Mentioned 9 = Inap. SPLIT A (1 in split) 99 = Inap. (CY-TCC in isocntry),NA,NA,NA,X,,,standard,NA
ZA5567,5567,Eurobarometer 76.3,Nov,2011,qa6a2_17,qa6a2_17,IMPORT ISSUES CTRY: NONE,,cntry_none_b,0 = Not mentioned 1 = Mentioned 9 = Inap. SPLIT A (1 in split) 99 = Inap. (CY-TCC in isocntry),NA,NA,NA,X,,,standard,NA
ZA5567,5567,Eurobarometer 76.3,Nov,2011,qa6a2_18,qa6a2_18,IMPORT ISSUES CTRY: DK,,cntry_dk_b,0 = Not mentioned 1 = Mentioned 9 = Inap. SPLIT A (1 in split) 99 = Inap. (CY-TCC in isocntry),NA,NA,NA,X,,,standard,NA
ZA5567,5567,Eurobarometer 76.3,Nov,2011,qa7a2_1,qa7a2_1,IMPORT ISSUES CTRY: CRIME,,cntry_crime_b,0 = Not mentioned 1 = Mentioned 9 = Inap. SPLIT A (1 in split) 99 = Inap. (CY-TCC in isocntry),NA,NA,NA,X,,,standard,NA
ZA5567,5567,Eurobarometer 76.3,Nov,2011,qa7a2_2,qa7a2_2,IMPORT ISSUES PERS: ECONOMIC SITUATION,,NA,0 = Not mentioned 1 = Mentioned 9 = Inap. SPLIT A (1 in split) 99 = Inap. (CY-TCC in isocntry),NA,NA,NA,X,,,standard,NA
ZA5567,5567,Eurobarometer 76.3,Nov,2011,qa7a2_3,qa7a2_3,IMPORT ISSUES PERS: RISING PRICES/INFLATION,,NA,0 = Not mentioned 1 = Mentioned 9 = Inap. SPLIT A (1 in split) 99 = Inap. (CY-TCC in isocntry),NA,NA,NA,X,,,standard,NA
ZA5567,5567,Eurobarometer 76.3,Nov,2011,qa7a2_4,qa7a2_4,IMPORT ISSUES PERS: TAXATION,,NA,0 = Not mentioned 1 = Mentioned 9 = Inap. SPLIT A (1 in split) 99 = Inap. (CY-TCC in isocntry),NA,NA,NA,X,,,standard,NA
ZA5567,5567,Eurobarometer 76.3,Nov,2011,qa7a2_5,qa7a2_5,IMPORT ISSUES PERS: UNEMPLOYMENT,,NA,0 = Not mentioned 1 = Mentioned 9 = Inap. SPLIT A (1 in split) 99 = Inap. (CY-TCC in isocntry),NA,NA,NA,X,,,standard,NA
ZA5567,5567,Eurobarometer 76.3,Nov,2011,qa7a2_6,qa7a2_6,IMPORT ISSUES PERS: TERRORISM,,NA,0 = Not mentioned 1 = Mentioned 9 = Inap. SPLIT A (1 in split) 99 = Inap. (CY-TCC in isocntry),NA,NA,NA,X,,,standard,NA
ZA5567,5567,Eurobarometer 76.3,Nov,2011,qa7a2_7,qa7a2_7,IMPORT ISSUES PERS: CNTRYS EXTERNAL INFLUENCE,,NA,0 = Not mentioned 1 = Mentioned 9 = Inap. SPLIT A (1 in split) 99 = Inap. (CY-TCC in isocntry),NA,NA,NA,X,,,standard,NA
ZA5567,5567,Eurobarometer 76.3,Nov,2011,qa7a2_8,qa7a2_8,IMPORT ISSUES PERS: PRIVATE DEBT,,NA,0 = Not mentioned 1 = Mentioned 9 = Inap. SPLIT A (1 in split) 99 = Inap. (CY-TCC in isocntry),NA,NA,NA,X,,,standard,NA
ZA5567,5567,Eurobarometer 76.3,Nov,2011,qa7a2_9,qa7a2_9,IMPORT ISSUES PERS: IMMIGRATION,,NA,0 = Not mentioned 1 = Mentioned 9 = Inap. SPLIT A (1 in split) 99 = Inap. (CY-TCC in isocntry),NA,NA,NA,X,,,standard,NA
ZA5567,5567,Eurobarometer 76.3,Nov,2011,qa7a2_10,qa7a2_10,IMPORT ISSUES PERS: HEALTH CARE SYSTEM,,NA,0 = Not mentioned 1 = Mentioned 9 = Inap. SPLIT A (1 in split) 99 = Inap. (CY-TCC in isocntry),NA,NA,NA,X,,,standard,NA
ZA5567,5567,Eurobarometer 76.3,Nov,2011,qa7a2_11,qa7a2_11,IMPORT ISSUES PERS: EDUCATIONAL SYSTEM,,NA,0 = Not mentioned 1 = Mentioned 9 = Inap. SPLIT A (1 in split) 99 = Inap. (CY-TCC in isocntry),NA,NA,NA,X,,,standard,NA
ZA5567,5567,Eurobarometer 76.3,Nov,2011,qa7a2_12,qa7a2_12,IMPORT ISSUES PERS: PENSIONS,,NA,0 = Not mentioned 1 = Mentioned 9 = Inap. SPLIT A (1 in split) 99 = Inap. (CY-TCC in isocntry),NA,NA,NA,X,,,standard,NA
ZA5567,5567,Eurobarometer 76.3,Nov,2011,qa7a2_13,qa7a2_13,IMPORT ISSUES PERS: THE ENVIRONMENT,,NA,0 = Not mentioned 1 = Mentioned 9 = Inap. SPLIT A (1 in split) 99 = Inap. (CY-TCC in isocntry),NA,NA,NA,X,,,standard,NA
ZA5567,5567,Eurobarometer 76.3,Nov,2011,qa7a2_14,qa7a2_14,IMPORT ISSUES PERS: ENERGY COSTS,,NA,0 = Not mentioned 1 = Mentioned 9 = Inap. SPLIT A (1 in split) 99 = Inap. (CY-TCC in isocntry),NA,NA,NA,X,,,standard,NA
ZA5567,5567,Eurobarometer 76.3,Nov,2011,qa7a2_15,qa7a2_15,IMPORT ISSUES PERS: CLIMATE CHANGE,,NA,0 = Not mentioned 1 = Mentioned 9 = Inap. SPLIT A (1 in split) 99 = Inap. (CY-TCC in isocntry),NA,NA,NA,X,,,standard,NA
ZA5567,5567,Eurobarometer 76.3,Nov,2011,qa7a2_16,qa7a2_16,IMPORT ISSUES PERS: OTHERS,,NA,0 = Not mentioned 1 = Mentioned 9 = Inap. SPLIT A (1 in split) 99 = Inap. (CY-TCC in isocntry),NA,NA,NA,X,,,standard,NA
ZA5567,5567,Eurobarometer 76.3,Nov,2011,qa7a2_17,qa7a2_17,IMPORT ISSUES PERS: NONE,,NA,0 = Not mentioned 1 = Mentioned 9 = Inap. SPLIT A (1 in split) 99 = Inap. (CY-TCC in isocntry),NA,NA,NA,X,,,standard,NA
ZA5567,5567,Eurobarometer 76.3,Nov,2011,qa7a2_18,qa7a2_18,IMPORT ISSUES PERS: DK,,NA,0 = Not mentioned 1 = Mentioned 9 = Inap. SPLIT A (1 in split) 99 = Inap. (CY-TCC in isocntry),NA,NA,NA,X,,,standard,NA
ZA5567,5567,Eurobarometer 76.3,Nov,2011,qa6b1_1,qa6b1_1,IMPORT ISSUES TCC: CRIME,,NA,0 = Not mentioned 1 = Mentioned 9 = Inap. SPLIT B (2 in split) 99 = Inap. (not CY-TCC in isocntry),NA,NA,NA,X,,,standard,NA
ZA5567,5567,Eurobarometer 76.3,Nov,2011,qa6b1_2,qa6b1_2,IMPORT ISSUES TCC: ECONOMIC SITUATION,,NA,0 = Not mentioned 1 = Mentioned 9 = Inap. SPLIT B (2 in split) 99 = Inap. (not CY-TCC in isocntry),NA,NA,NA,X,,,standard,NA
ZA5567,5567,Eurobarometer 76.3,Nov,2011,qa6b1_3,qa6b1_3,IMPORT ISSUES TCC: RISING PRICES/INFLATION,,NA,0 = Not mentioned 1 = Mentioned 9 = Inap. SPLIT B (2 in split) 99 = Inap. (not CY-TCC in isocntry),NA,NA,NA,X,,,standard,NA
ZA5567,5567,Eurobarometer 76.3,Nov,2011,qa6b1_4,qa6b1_4,IMPORT ISSUES TCC: TAXATION,,NA,0 = Not mentioned 1 = Mentioned 9 = Inap. SPLIT B (2 in split) 99 = Inap. (not CY-TCC in isocntry),NA,NA,NA,X,,,standard,NA
ZA5567,5567,Eurobarometer 76.3,Nov,2011,qa6b1_5,qa6b1_5,IMPORT ISSUES TCC: UNEMPLOYMENT,,NA,0 = Not mentioned 1 = Mentioned 9 = Inap. SPLIT B (2 in split) 99 = Inap. (not CY-TCC in isocntry),NA,NA,NA,X,,,standard,NA
ZA5567,5567,Eurobarometer 76.3,Nov,2011,qa6b1_6,qa6b1_6,IMPORT ISSUES TCC: TERRORISM,,NA,0 = Not mentioned 1 = Mentioned 9 = Inap. SPLIT B (2 in split) 99 = Inap. (not CY-TCC in isocntry),NA,NA,NA,X,,,standard,NA
ZA5567,5567,Eurobarometer 76.3,Nov,2011,qa6b1_7,qa6b1_7,IMPORT ISSUES TCC: CYPRUS ISSUE,,NA,0 = Not mentioned 1 = Mentioned 9 = Inap. SPLIT B (2 in split) 99 = Inap. (not CY-TCC in isocntry),NA,NA,NA,X,,,standard,NA
ZA5567,5567,Eurobarometer 76.3,Nov,2011,qa6b1_8,qa6b1_8,IMPORT ISSUES TCC: HOUSING,,NA,0 = Not mentioned 1 = Mentioned 9 = Inap. SPLIT B (2 in split) 99 = Inap. (not CY-TCC in isocntry),NA,NA,NA,X,,,standard,NA
ZA5567,5567,Eurobarometer 76.3,Nov,2011,qa6b1_9,qa6b1_9,IMPORT ISSUES TCC: IMMIGRATION,,NA,0 = Not mentioned 1 = Mentioned 9 = Inap. SPLIT B (2 in split) 99 = Inap. (not CY-TCC in isocntry),NA,NA,NA,X,,,standard,NA
ZA5567,5567,Eurobarometer 76.3,Nov,2011,qa6b1_10,qa6b1_10,IMPORT ISSUES TCC: HEALTH CARE SYSTEM,,NA,0 = Not mentioned 1 = Mentioned 9 = Inap. SPLIT B (2 in split) 99 = Inap. (not CY-TCC in isocntry),NA,NA,NA,X,,,standard,NA
ZA5567,5567,Eurobarometer 76.3,Nov,2011,qa6b1_11,qa6b1_11,IMPORT ISSUES TCC: EDUCATIONAL SYSTEM,,NA,0 = Not mentioned 1 = Mentioned 9 = Inap. SPLIT B (2 in split) 99 = Inap. (not CY-TCC in isocntry),NA,NA,NA,X,,,standard,NA
ZA5567,5567,Eurobarometer 76.3,Nov,2011,qa6b1_12,qa6b1_12,IMPORT ISSUES TCC: PENSIONS,,NA,0 = Not mentioned 1 = Mentioned 9 = Inap. SPLIT B (2 in split) 99 = Inap. (not CY-TCC in isocntry),NA,NA,NA,X,,,standard,NA
ZA5567,5567,Eurobarometer 76.3,Nov,2011,qa6b1_13,qa6b1_13,IMPORT ISSUES TCC: THE ENVIRONMENT,,NA,0 = Not mentioned 1 = Mentioned 9 = Inap. SPLIT B (2 in split) 99 = Inap. (not CY-TCC in isocntry),NA,NA,NA,X,,,standard,NA
ZA5567,5567,Eurobarometer 76.3,Nov,2011,qa6b1_14,qa6b1_14,IMPORT ISSUES TCC: ENERGY,,NA,0 = Not mentioned 1 = Mentioned 9 = Inap. SPLIT B (2 in split) 99 = Inap. (not CY-TCC in isocntry),NA,NA,NA,X,,,standard,NA
ZA5567,5567,Eurobarometer 76.3,Nov,2011,qa6b1_15,qa6b1_15,IMPORT ISSUES TCC: OTHERS,,NA,0 = Not mentioned 1 = Mentioned 9 = Inap. SPLIT B (2 in split) 99 = Inap. (not CY-TCC in isocntry),NA,NA,NA,X,,,standard,NA
ZA5567,5567,Eurobarometer 76.3,Nov,2011,qa6b1_16,qa6b1_16,IMPORT ISSUES TCC: NONE,,NA,0 = Not mentioned 1 = Mentioned 9 = Inap. SPLIT B (2 in split) 99 = Inap. (not CY-TCC in isocntry),NA,NA,NA,X,,,standard,NA
ZA5567,5567,Eurobarometer 76.3,Nov,2011,qa6b1_17,qa6b1_17,IMPORT ISSUES TCC: DK,,NA,0 = Not mentioned 1 = Mentioned 9 = Inap. SPLIT B (2 in split) 99 = Inap. (not CY-TCC in isocntry),NA,NA,NA,X,,,standard,NA
ZA5567,5567,Eurobarometer 76.3,Nov,2011,qa7b1_1,qa7b1_1,IMPORT ISSUES PERS: CRIME,,NA,0 = Not mentioned 1 = Mentioned 9 = Inap. SPLIT B (2 in split) 99 = Inap. (not CY-TCC in isocntry),NA,NA,NA,X,,,standard,NA
ZA5567,5567,Eurobarometer 76.3,Nov,2011,qa7b1_2,qa7b1_2,IMPORT ISSUES PERS: ECONOMIC SITUATION,,NA,0 = Not mentioned 1 = Mentioned 9 = Inap. SPLIT B (2 in split) 99 = Inap. (not CY-TCC in isocntry),NA,NA,NA,X,,,standard,NA
ZA5567,5567,Eurobarometer 76.3,Nov,2011,qa7b1_3,qa7b1_3,IMPORT ISSUES PERS: RISING PRICES/INFLATION,,NA,0 = Not mentioned 1 = Mentioned 9 = Inap. SPLIT B (2 in split) 99 = Inap. (not CY-TCC in isocntry),NA,NA,NA,X,,,standard,NA
ZA5567,5567,Eurobarometer 76.3,Nov,2011,qa7b1_4,qa7b1_4,IMPORT ISSUES PERS: TAXATION,,NA,0 = Not mentioned 1 = Mentioned 9 = Inap. SPLIT B (2 in split) 99 = Inap. (not CY-TCC in isocntry),NA,NA,NA,X,,,standard,NA
ZA5567,5567,Eurobarometer 76.3,Nov,2011,qa7b1_5,qa7b1_5,IMPORT ISSUES PERS: UNEMPLOYMENT,,NA,0 = Not mentioned 1 = Mentioned 9 = Inap. SPLIT B (2 in split) 99 = Inap. (not CY-TCC in isocntry),NA,NA,NA,X,,,standard,NA
ZA5567,5567,Eurobarometer 76.3,Nov,2011,qa7b1_6,qa7b1_6,IMPORT ISSUES PERS: TERRORISM,,NA,0 = Not mentioned 1 = Mentioned 9 = Inap. SPLIT B (2 in split) 99 = Inap. (not CY-TCC in isocntry),NA,NA,NA,X,,,standard,NA
ZA5567,5567,Eurobarometer 76.3,Nov,2011,qa7b1_7,qa7b1_7,IMPORT ISSUES PERS: CYPRUS ISSUE,,NA,0 = Not mentioned 1 = Mentioned 9 = Inap. SPLIT B (2 in split) 99 = Inap. (not CY-TCC in isocntry),NA,NA,NA,X,,,standard,NA
ZA5567,5567,Eurobarometer 76.3,Nov,2011,qa7b1_8,qa7b1_8,IMPORT ISSUES PERS: HOUSING,,NA,0 = Not mentioned 1 = Mentioned 9 = Inap. SPLIT B (2 in split) 99 = Inap. (not CY-TCC in isocntry),NA,NA,NA,X,,,standard,NA
ZA5567,5567,Eurobarometer 76.3,Nov,2011,qa7b1_9,qa7b1_9,IMPORT ISSUES PERS: IMMIGRATION,,NA,0 = Not mentioned 1 = Mentioned 9 = Inap. SPLIT B (2 in split) 99 = Inap. (not CY-TCC in isocntry),NA,NA,NA,X,,,standard,NA
ZA5567,5567,Eurobarometer 76.3,Nov,2011,qa7b1_10,qa7b1_10,IMPORT ISSUES PERS: HEALTH CARE SYSTEM,,NA,0 = Not mentioned 1 = Mentioned 9 = Inap. SPLIT B (2 in split) 99 = Inap. (not CY-TCC in isocntry),NA,NA,NA,X,,,standard,NA
ZA5567,5567,Eurobarometer 76.3,Nov,2011,qa7b1_11,qa7b1_11,IMPORT ISSUES PERS: EDUCATIONAL SYSTEM,,NA,0 = Not mentioned 1 = Mentioned 9 = Inap. SPLIT B (2 in split) 99 = Inap. (not CY-TCC in isocntry),NA,NA,NA,X,,,standard,NA
ZA5567,5567,Eurobarometer 76.3,Nov,2011,qa7b1_12,qa7b1_12,IMPORT ISSUES PERS: PENSIONS,,NA,0 = Not mentioned 1 = Mentioned 9 = Inap. SPLIT B (2 in split) 99 = Inap. (not CY-TCC in isocntry),NA,NA,NA,X,,,standard,NA
ZA5567,5567,Eurobarometer 76.3,Nov,2011,qa7b1_13,qa7b1_13,IMPORT ISSUES PERS: THE ENVIRONMENT,,NA,0 = Not mentioned 1 = Mentioned 9 = Inap. SPLIT B (2 in split) 99 = Inap. (not CY-TCC in isocntry),NA,NA,NA,X,,,standard,NA
ZA5567,5567,Eurobarometer 76.3,Nov,2011,qa7b1_14,qa7b1_14,IMPORT ISSUES PERS: ENERGY,,NA,0 = Not mentioned 1 = Mentioned 9 = Inap. SPLIT B (2 in split) 99 = Inap. (not CY-TCC in isocntry),NA,NA,NA,X,,,standard,NA
ZA5567,5567,Eurobarometer 76.3,Nov,2011,qa7b1_15,qa7b1_15,IMPORT ISSUES PERS: OTHERS,,NA,0 = Not mentioned 1 = Mentioned 9 = Inap. SPLIT B (2 in split) 99 = Inap. (not CY-TCC in isocntry),NA,NA,NA,X,,,standard,NA
ZA5567,5567,Eurobarometer 76.3,Nov,2011,qa7b1_16,qa7b1_16,IMPORT ISSUES PERS: NONE,,NA,0 = Not mentioned 1 = Mentioned 9 = Inap. SPLIT B (2 in split) 99 = Inap. (not CY-TCC in isocntry),NA,NA,NA,X,,,standard,NA
ZA5567,5567,Eurobarometer 76.3,Nov,2011,qa7b1_17,qa7b1_17,IMPORT ISSUES PERS: DK,,NA,0 = Not mentioned 1 = Mentioned 9 = Inap. SPLIT B (2 in split) 99 = Inap. (not CY-TCC in isocntry),NA,NA,NA,X,,,standard,NA
ZA5567,5567,Eurobarometer 76.3,Nov,2011,qa6b2_1,qa6b2_1,IMPORT ISSUES TCC: CRIME,,NA,0 = Not mentioned 1 = Mentioned 9 = Inap. SPLIT A (1 in split) 99 = Inap. (not CY-TCC in isocntry),NA,NA,NA,X,,,standard,NA
ZA5567,5567,Eurobarometer 76.3,Nov,2011,qa6b2_2,qa6b2_2,IMPORT ISSUES TCC: ECONOMIC SITUATION,,NA,0 = Not mentioned 1 = Mentioned 9 = Inap. SPLIT A (1 in split) 99 = Inap. (not CY-TCC in isocntry),NA,NA,NA,X,,,standard,NA
ZA5567,5567,Eurobarometer 76.3,Nov,2011,qa6b2_3,qa6b2_3,IMPORT ISSUES TCC: RISING PRICES/INFLATION,,NA,0 = Not mentioned 1 = Mentioned 9 = Inap. SPLIT A (1 in split) 99 = Inap. (not CY-TCC in isocntry),NA,NA,NA,X,,,standard,NA
ZA5567,5567,Eurobarometer 76.3,Nov,2011,qa6b2_4,qa6b2_4,IMPORT ISSUES TCC: TAXATION,,NA,0 = Not mentioned 1 = Mentioned 9 = Inap. SPLIT A (1 in split) 99 = Inap. (not CY-TCC in isocntry),NA,NA,NA,X,,,standard,NA
ZA5567,5567,Eurobarometer 76.3,Nov,2011,qa6b2_5,qa6b2_5,IMPORT ISSUES TCC: UNEMPLOYMENT,,NA,0 = Not mentioned 1 = Mentioned 9 = Inap. SPLIT A (1 in split) 99 = Inap. (not CY-TCC in isocntry),NA,NA,NA,X,,,standard,NA
ZA5567,5567,Eurobarometer 76.3,Nov,2011,qa6b2_6,qa6b2_6,IMPORT ISSUES TCC: TERRORISM,,NA,0 = Not mentioned 1 = Mentioned 9 = Inap. SPLIT A (1 in split) 99 = Inap. (not CY-TCC in isocntry),NA,NA,NA,X,,,standard,NA
ZA5567,5567,Eurobarometer 76.3,Nov,2011,qa6b2_7,qa6b2_7,IMPORT ISSUES TCC: TCC EXTERNAL INFLUENCE,,NA,0 = Not mentioned 1 = Mentioned 9 = Inap. SPLIT A (1 in split) 99 = Inap. (not CY-TCC in isocntry),NA,NA,NA,X,,,standard,NA
ZA5567,5567,Eurobarometer 76.3,Nov,2011,qa6b2_8,qa6b2_8,IMPORT ISSUES TCC: TCC DEBT,,NA,0 = Not mentioned 1 = Mentioned 9 = Inap. SPLIT A (1 in split) 99 = Inap. (not CY-TCC in isocntry),NA,NA,NA,X,,,standard,NA
ZA5567,5567,Eurobarometer 76.3,Nov,2011,qa6b2_9,qa6b2_9,IMPORT ISSUES TCC: IMMIGRATION,,NA,0 = Not mentioned 1 = Mentioned 9 = Inap. SPLIT A (1 in split) 99 = Inap. (not CY-TCC in isocntry),NA,NA,NA,X,,,standard,NA
ZA5567,5567,Eurobarometer 76.3,Nov,2011,qa6b2_10,qa6b2_10,IMPORT ISSUES TCC: HEALTH CARE SYSTEM,,NA,0 = Not mentioned 1 = Mentioned 9 = Inap. SPLIT A (1 in split) 99 = Inap. (not CY-TCC in isocntry),NA,NA,NA,X,,,standard,NA
ZA5567,5567,Eurobarometer 76.3,Nov,2011,qa6b2_11,qa6b2_11,IMPORT ISSUES TCC: EDUCATIONAL SYSTEM,,NA,0 = Not mentioned 1 = Mentioned 9 = Inap. SPLIT A (1 in split) 99 = Inap. (not CY-TCC in isocntry),NA,NA,NA,X,,,standard,NA
ZA5567,5567,Eurobarometer 76.3,Nov,2011,qa6b2_12,qa6b2_12,IMPORT ISSUES TCC: PENSIONS,,NA,0 = Not mentioned 1 = Mentioned 9 = Inap. SPLIT A (1 in split) 99 = Inap. (not CY-TCC in isocntry),NA,NA,NA,X,,,standard,NA
ZA5567,5567,Eurobarometer 76.3,Nov,2011,qa6b2_13,qa6b2_13,IMPORT ISSUES TCC: THE ENVIRONMENT,,NA,0 = Not mentioned 1 = Mentioned 9 = Inap. SPLIT A (1 in split) 99 = Inap. (not CY-TCC in isocntry),NA,NA,NA,X,,,standard,NA
ZA5567,5567,Eurobarometer 76.3,Nov,2011,qa6b2_14,qa6b2_14,IMPORT ISSUES TCC: ENERGY SUPPLY,,NA,0 = Not mentioned 1 = Mentioned 9 = Inap. SPLIT A (1 in split) 99 = Inap. (not CY-TCC in isocntry),NA,NA,NA,X,,,standard,NA
ZA5567,5567,Eurobarometer 76.3,Nov,2011,qa6b2_15,qa6b2_15,IMPORT ISSUES TCC: CLIMATE CHANGE,,NA,0 = Not mentioned 1 = Mentioned 9 = Inap. SPLIT A (1 in split) 99 = Inap. (not CY-TCC in isocntry),NA,NA,NA,X,,,standard,NA
ZA5567,5567,Eurobarometer 76.3,Nov,2011,qa6b2_16,qa6b2_16,IMPORT ISSUES TCC: OTHERS,,NA,0 = Not mentioned 1 = Mentioned 9 = Inap. SPLIT A (1 in split) 99 = Inap. (not CY-TCC in isocntry),NA,NA,NA,X,,,standard,NA
ZA5567,5567,Eurobarometer 76.3,Nov,2011,qa6b2_17,qa6b2_17,IMPORT ISSUES TCC: NONE,,NA,0 = Not mentioned 1 = Mentioned 9 = Inap. SPLIT A (1 in split) 99 = Inap. (not CY-TCC in isocntry),NA,NA,NA,X,,,standard,NA
ZA5567,5567,Eurobarometer 76.3,Nov,2011,qa6b2_18,qa6b2_18,IMPORT ISSUES TCC: DK,,NA,0 = Not mentioned 1 = Mentioned 9 = Inap. SPLIT A (1 in split) 99 = Inap. (not CY-TCC in isocntry),NA,NA,NA,X,,,standard,NA
ZA5567,5567,Eurobarometer 76.3,Nov,2011,qa7b2_1,qa7b2_1,IMPORT ISSUES TCC: CRIME,,NA,0 = Not mentioned 1 = Mentioned 9 = Inap. SPLIT A (1 in split) 99 = Inap. (not CY-TCC in isocntry),NA,NA,NA,X,,,standard,NA
ZA5567,5567,Eurobarometer 76.3,Nov,2011,qa7b2_2,qa7b2_2,IMPORT ISSUES PERS: ECONOMIC SITUATION,,NA,0 = Not mentioned 1 = Mentioned 9 = Inap. SPLIT A (1 in split) 99 = Inap. (not CY-TCC in isocntry),NA,NA,NA,X,,,standard,NA
ZA5567,5567,Eurobarometer 76.3,Nov,2011,qa7b2_3,qa7b2_3,IMPORT ISSUES PERS: RISING PRICES/INFLATION,,NA,0 = Not mentioned 1 = Mentioned 9 = Inap. SPLIT A (1 in split) 99 = Inap. (not CY-TCC in isocntry),NA,NA,NA,X,,,standard,NA
ZA5567,5567,Eurobarometer 76.3,Nov,2011,qa7b2_4,qa7b2_4,IMPORT ISSUES PERS: TAXATION,,NA,0 = Not mentioned 1 = Mentioned 9 = Inap. SPLIT A (1 in split) 99 = Inap. (not CY-TCC in isocntry),NA,NA,NA,X,,,standard,NA
ZA5567,5567,Eurobarometer 76.3,Nov,2011,qa7b2_5,qa7b2_5,IMPORT ISSUES PERS: UNEMPLOYMENT,,NA,0 = Not mentioned 1 = Mentioned 9 = Inap. SPLIT A (1 in split) 99 = Inap. (not CY-TCC in isocntry),NA,NA,NA,X,,,standard,NA
ZA5567,5567,Eurobarometer 76.3,Nov,2011,qa7b2_6,qa7b2_6,IMPORT ISSUES PERS: TERRORISM,,NA,0 = Not mentioned 1 = Mentioned 9 = Inap. SPLIT A (1 in split) 99 = Inap. (not CY-TCC in isocntry),NA,NA,NA,X,,,standard,NA
ZA5567,5567,Eurobarometer 76.3,Nov,2011,qa7b2_7,qa7b2_7,IMPORT ISSUES PERS: TCC EXTERNAL INFLUENCE,,NA,0 = Not mentioned 1 = Mentioned 9 = Inap. SPLIT A (1 in split) 99 = Inap. (not CY-TCC in isocntry),NA,NA,NA,X,,,standard,NA
ZA5567,5567,Eurobarometer 76.3,Nov,2011,qa7b2_8,qa7b2_8,IMPORT ISSUES PERS: PRIVATE DEBT,,NA,0 = Not mentioned 1 = Mentioned 9 = Inap. SPLIT A (1 in split) 99 = Inap. (not CY-TCC in isocntry),NA,NA,NA,X,,,standard,NA
ZA5567,5567,Eurobarometer 76.3,Nov,2011,qa7b2_9,qa7b2_9,IMPORT ISSUES PERS: IMMIGRATION,,NA,0 = Not mentioned 1 = Mentioned 9 = Inap. SPLIT A (1 in split) 99 = Inap. (not CY-TCC in isocntry),NA,NA,NA,X,,,standard,NA
ZA5567,5567,Eurobarometer 76.3,Nov,2011,qa7b2_10,qa7b2_10,IMPORT ISSUES PERS: HEALTH CARE SYSTEM,,NA,0 = Not mentioned 1 = Mentioned 9 = Inap. SPLIT A (1 in split) 99 = Inap. (not CY-TCC in isocntry),NA,NA,NA,X,,,standard,NA
ZA5567,5567,Eurobarometer 76.3,Nov,2011,qa7b2_11,qa7b2_11,IMPORT ISSUES PERS: EDUCATIONAL SYSTEM,,NA,0 = Not mentioned 1 = Mentioned 9 = Inap. SPLIT A (1 in split) 99 = Inap. (not CY-TCC in isocntry),NA,NA,NA,X,,,standard,NA
ZA5567,5567,Eurobarometer 76.3,Nov,2011,qa7b2_12,qa7b2_12,IMPORT ISSUES PERS: PENSIONS,,NA,0 = Not mentioned 1 = Mentioned 9 = Inap. SPLIT A (1 in split) 99 = Inap. (not CY-TCC in isocntry),NA,NA,NA,X,,,standard,NA
ZA5567,5567,Eurobarometer 76.3,Nov,2011,qa7b2_13,qa7b2_13,IMPORT ISSUES PERS: THE ENVIRONMENT,,NA,0 = Not mentioned 1 = Mentioned 9 = Inap. SPLIT A (1 in split) 99 = Inap. (not CY-TCC in isocntry),NA,NA,NA,X,,,standard,NA
ZA5567,5567,Eurobarometer 76.3,Nov,2011,qa7b2_14,qa7b2_14,IMPORT ISSUES PERS: ENERGY COSTS,,NA,0 = Not mentioned 1 = Mentioned 9 = Inap. SPLIT A (1 in split) 99 = Inap. (not CY-TCC in isocntry),NA,NA,NA,X,,,standard,NA
ZA5567,5567,Eurobarometer 76.3,Nov,2011,qa7b2_15,qa7b2_15,IMPORT ISSUES PERS: CLIMATE CHANGE,,NA,0 = Not mentioned 1 = Mentioned 9 = Inap. SPLIT A (1 in split) 99 = Inap. (not CY-TCC in isocntry),NA,NA,NA,X,,,standard,NA
ZA5567,5567,Eurobarometer 76.3,Nov,2011,qa7b2_16,qa7b2_16,IMPORT ISSUES PERS: OTHERS,,NA,0 = Not mentioned 1 = Mentioned 9 = Inap. SPLIT A (1 in split) 99 = Inap. (not CY-TCC in isocntry),NA,NA,NA,X,,,standard,NA
ZA5567,5567,Eurobarometer 76.3,Nov,2011,qa7b2_17,qa7b2_17,IMPORT ISSUES PERS: NONE,,NA,0 = Not mentioned 1 = Mentioned 9 = Inap. SPLIT A (1 in split) 99 = Inap. (not CY-TCC in isocntry),NA,NA,NA,X,,,standard,NA
ZA5567,5567,Eurobarometer 76.3,Nov,2011,qa7b2_18,qa7b2_18,IMPORT ISSUES PERS: DK,,NA,0 = Not mentioned 1 = Mentioned 9 = Inap. SPLIT A (1 in split) 99 = Inap. (not CY-TCC in isocntry),NA,NA,NA,X,,,standard,NA
ZA5567,5567,Eurobarometer 76.3,Nov,2011,qa8_1,qa8_1,IMPORT ISSUES EU: CRIME,,NA,0 = Not mentioned 1 = Mentioned,NA,NA,NA,X,,,standard,NA
ZA5567,5567,Eurobarometer 76.3,Nov,2011,qa8_2,qa8_2,IMPORT ISSUES EU: ECONOMIC SITUATION,,NA,0 = Not mentioned 1 = Mentioned,NA,NA,NA,X,,,standard,NA
ZA5567,5567,Eurobarometer 76.3,Nov,2011,qa8_3,qa8_3,IMPORT ISSUES EU: RISING PRICES/INFLATION,,NA,0 = Not mentioned 1 = Mentioned,NA,NA,NA,X,,,standard,NA
ZA5567,5567,Eurobarometer 76.3,Nov,2011,qa8_4,qa8_4,IMPORT ISSUES EU: TAXATION,,NA,0 = Not mentioned 1 = Mentioned,NA,NA,NA,X,,,standard,NA
ZA5567,5567,Eurobarometer 76.3,Nov,2011,qa8_5,qa8_5,IMPORT ISSUES EU: UNEMPLOYMENT,,NA,0 = Not mentioned 1 = Mentioned,NA,NA,NA,X,,,standard,NA
ZA5567,5567,Eurobarometer 76.3,Nov,2011,qa8_6,qa8_6,IMPORT ISSUES EU: TERRORISM,,NA,0 = Not mentioned 1 = Mentioned,NA,NA,NA,X,,,standard,NA
ZA5567,5567,Eurobarometer 76.3,Nov,2011,qa8_7,qa8_7,IMPORT ISSUES EU: INFLUENCE IN THE WORLD,,NA,0 = Not mentioned 1 = Mentioned,NA,NA,NA,X,,,standard,NA
ZA5567,5567,Eurobarometer 76.3,Nov,2011,qa8_8,qa8_8,IMPORT ISSUES EU: MEMBER FINANCES,,NA,0 = Not mentioned 1 = Mentioned,NA,NA,NA,X,,,standard,NA
ZA5567,5567,Eurobarometer 76.3,Nov,2011,qa8_9,qa8_9,IMPORT ISSUES EU: IMMIGRATION,,NA,0 = Not mentioned 1 = Mentioned,NA,NA,NA,X,,,standard,NA
ZA5567,5567,Eurobarometer 76.3,Nov,2011,qa8_10,qa8_10,IMPORT ISSUES EU: PENSIONS,,NA,0 = Not mentioned 1 = Mentioned,NA,NA,NA,X,,,standard,NA
ZA5567,5567,Eurobarometer 76.3,Nov,2011,qa8_11,qa8_11,IMPORT ISSUES EU: THE ENVIRONMENT,,NA,0 = Not mentioned 1 = Mentioned,NA,NA,NA,X,,,standard,NA
ZA5567,5567,Eurobarometer 76.3,Nov,2011,qa8_12,qa8_12,IMPORT ISSUES EU: ENERGY SUPPLY,,NA,0 = Not mentioned 1 = Mentioned,NA,NA,NA,X,,,standard,NA
ZA5567,5567,Eurobarometer 76.3,Nov,2011,qa8_13,qa8_13,IMPORT ISSUES EU: CLIMATE CHANGE,,NA,0 = Not mentioned 1 = Mentioned,NA,NA,NA,X,,,standard,NA
ZA5567,5567,Eurobarometer 76.3,Nov,2011,qa8_14,qa8_14,IMPORT ISSUES EU: OTHERS,,NA,0 = Not mentioned 1 = Mentioned,NA,NA,NA,X,,,standard,NA
ZA5567,5567,Eurobarometer 76.3,Nov,2011,qa8_15,qa8_15,IMPORT ISSUES EU: NONE,,NA,0 = Not mentioned 1 = Mentioned,NA,NA,NA,X,,,standard,NA
ZA5567,5567,Eurobarometer 76.3,Nov,2011,qa8_16,qa8_16,IMPORT ISSUES EU: DK,,NA,0 = Not mentioned 1 = Mentioned,NA,NA,NA,X,,,standard,NA
ZA5612,5612,Eurobarometer 77.3,May,2012,isocntry,isocntry,COUNTRY CODE - ISO 3166,,isocntry, = BE  = DK  = GR  = ES  = FI  = FR  = IE  = IT  = LU  = NL  = AT  = PT  = SE  = DE-W  = DE-E  = GB-GBN  = GB-NIR  = BG  = CY  = CZ  = EE  = HU  = LV  = LT  = MT  = PL  = RO  = SK  = SI  = TR  = IS  = HR  = CY-TCC  = MK  = ME  = RS,NA,NA,NA,X,,,standard,NA
ZA5612,5612,Eurobarometer 77.3,May,2012,qa7a_1,qa7a_1,IMPORTANT ISSUES CNTRY: CRIME,,NA,0 = Not mentioned 1 = Mentioned 9 = Inap. (CY-TCC in isocntry),NA,NA,NA,X,,,standard,NA
ZA5612,5612,Eurobarometer 77.3,May,2012,qa7a_2,qa7a_2,IMPORTANT ISSUES CNTRY: ECONOMIC SITUATION,,NA,0 = Not mentioned 1 = Mentioned 9 = Inap. (CY-TCC in isocntry),NA,NA,NA,X,,,standard,NA
ZA5612,5612,Eurobarometer 77.3,May,2012,qa7a_3,qa7a_3,IMPORTANT ISSUES CNTRY: RISING PRICES/INFLATION,,NA,0 = Not mentioned 1 = Mentioned 9 = Inap. (CY-TCC in isocntry),NA,NA,NA,X,,,standard,NA
ZA5612,5612,Eurobarometer 77.3,May,2012,qa7a_4,qa7a_4,IMPORTANT ISSUES CNTRY: TAXATION,,NA,0 = Not mentioned 1 = Mentioned 9 = Inap. (CY-TCC in isocntry),NA,NA,NA,X,,,standard,NA
ZA5612,5612,Eurobarometer 77.3,May,2012,qa7a_5,qa7a_5,IMPORTANT ISSUES CNTRY: UNEMPLOYMENT,,NA,0 = Not mentioned 1 = Mentioned 9 = Inap. (CY-TCC in isocntry),NA,NA,NA,X,,,standard,NA
ZA5612,5612,Eurobarometer 77.3,May,2012,qa7a_6,qa7a_6,IMPORTANT ISSUES CNTRY: TERRORISM,,NA,0 = Not mentioned 1 = Mentioned 9 = Inap. (CY-TCC in isocntry),NA,NA,NA,X,,,standard,NA
ZA5612,5612,Eurobarometer 77.3,May,2012,qa7a_7,qa7a_7,IMPORTANT ISSUES CNTRY: HOUSING,,NA,0 = Not mentioned 1 = Mentioned 9 = Inap. (CY-TCC in isocntry),NA,NA,NA,X,,,standard,NA
ZA5612,5612,Eurobarometer 77.3,May,2012,qa7a_8,qa7a_8,IMPORTANT ISSUES CNTRY: GOVERNMENT DEBT,,NA,0 = Not mentioned 1 = Mentioned 9 = Inap. (CY-TCC in isocntry),NA,NA,NA,X,,,standard,NA
ZA5612,5612,Eurobarometer 77.3,May,2012,qa7a_9,qa7a_9,IMPORTANT ISSUES CNTRY: IMMIGRATION,,NA,0 = Not mentioned 1 = Mentioned 9 = Inap. (CY-TCC in isocntry),NA,NA,NA,X,,,standard,NA
ZA5612,5612,Eurobarometer 77.3,May,2012,qa7a_10,qa7a_10,IMPORTANT ISSUES CNTRY: HEALTH & SOCIAL SECURITY,,NA,0 = Not mentioned 1 = Mentioned 9 = Inap. (CY-TCC in isocntry),NA,NA,NA,X,,,standard,NA
ZA5612,5612,Eurobarometer 77.3,May,2012,qa7a_11,qa7a_11,IMPORTANT ISSUES CNTRY: EDUCATION SYSTEM,,NA,0 = Not mentioned 1 = Mentioned 9 = Inap. (CY-TCC in isocntry),NA,NA,NA,X,,,standard,NA
ZA5612,5612,Eurobarometer 77.3,May,2012,qa7a_12,qa7a_12,IMPORTANT ISSUES CNTRY: PENSIONS,,NA,0 = Not mentioned 1 = Mentioned 9 = Inap. (CY-TCC in isocntry),NA,NA,NA,X,,,standard,NA
ZA5612,5612,Eurobarometer 77.3,May,2012,qa7a_13,qa7a_13,IMPORTANT ISSUES CNTRY: ENVIRONMENT CLIMATE ENERGY,,NA,0 = Not mentioned 1 = Mentioned 9 = Inap. (CY-TCC in isocntry),NA,NA,NA,X,,,standard,NA
ZA5612,5612,Eurobarometer 77.3,May,2012,qa7a_14,qa7a_14,IMPORTANT ISSUES CNTRY: OTHERS,,NA,0 = Not mentioned 1 = Mentioned 9 = Inap. (CY-TCC in isocntry),NA,NA,NA,X,,,standard,NA
ZA5612,5612,Eurobarometer 77.3,May,2012,qa7a_15,qa7a_15,IMPORTANT ISSUES CNTRY: NONE,,NA,0 = Not mentioned 1 = Mentioned 9 = Inap. (CY-TCC in isocntry),NA,NA,NA,X,,,standard,NA
ZA5612,5612,Eurobarometer 77.3,May,2012,qa7a_16,qa7a_16,IMPORTANT ISSUES CNTRY: DK,,NA,0 = Not mentioned 1 = Mentioned 9 = Inap. (CY-TCC in isocntry),NA,NA,NA,X,,,standard,NA
ZA5612,5612,Eurobarometer 77.3,May,2012,qa8a_1,qa8a_1,IMPORTANT ISSUES PERS: CRIME,,NA,0 = Not mentioned 1 = Mentioned 9 = Inap. (CY-TCC in isocntry),NA,NA,NA,X,,,standard,NA
ZA5612,5612,Eurobarometer 77.3,May,2012,qa8a_2,qa8a_2,IMPORTANT ISSUES PERS: ECONOMIC SITUATION,,NA,0 = Not mentioned 1 = Mentioned 9 = Inap. (CY-TCC in isocntry),NA,NA,NA,X,,,standard,NA
ZA5612,5612,Eurobarometer 77.3,May,2012,qa8a_3,qa8a_3,IMPORTANT ISSUES PERS: RISING PRICES/INFLATION,,NA,0 = Not mentioned 1 = Mentioned 9 = Inap. (CY-TCC in isocntry),NA,NA,NA,X,,,standard,NA
ZA5612,5612,Eurobarometer 77.3,May,2012,qa8a_4,qa8a_4,IMPORTANT ISSUES PERS: TAXATION,,NA,0 = Not mentioned 1 = Mentioned 9 = Inap. (CY-TCC in isocntry),NA,NA,NA,X,,,standard,NA
ZA5612,5612,Eurobarometer 77.3,May,2012,qa8a_5,qa8a_5,IMPORTANT ISSUES PERS: UNEMPLOYMENT,,NA,0 = Not mentioned 1 = Mentioned 9 = Inap. (CY-TCC in isocntry),NA,NA,NA,X,,,standard,NA
ZA5612,5612,Eurobarometer 77.3,May,2012,qa8a_6,qa8a_6,IMPORTANT ISSUES PERS: TERRORISM,,NA,0 = Not mentioned 1 = Mentioned 9 = Inap. (CY-TCC in isocntry),NA,NA,NA,X,,,standard,NA
ZA5612,5612,Eurobarometer 77.3,May,2012,qa8a_7,qa8a_7,IMPORTANT ISSUES PERS: HOUSING,,NA,0 = Not mentioned 1 = Mentioned 9 = Inap. (CY-TCC in isocntry),NA,NA,NA,X,,,standard,NA
ZA5612,5612,Eurobarometer 77.3,May,2012,qa8a_8,qa8a_8,IMPORTANT ISSUES PERS: FINANCIAL SIT HH,,NA,0 = Not mentioned 1 = Mentioned 9 = Inap. (CY-TCC in isocntry),NA,NA,NA,X,,,standard,NA
ZA5612,5612,Eurobarometer 77.3,May,2012,qa8a_9,qa8a_9,IMPORTANT ISSUES PERS: IMMIGRATION,,NA,0 = Not mentioned 1 = Mentioned 9 = Inap. (CY-TCC in isocntry),NA,NA,NA,X,,,standard,NA
ZA5612,5612,Eurobarometer 77.3,May,2012,qa8a_10,qa8a_10,IMPORTANT ISSUES PERS: HEALTH & SOCIAL SECURITY,,NA,0 = Not mentioned 1 = Mentioned 9 = Inap. (CY-TCC in isocntry),NA,NA,NA,X,,,standard,NA
ZA5612,5612,Eurobarometer 77.3,May,2012,qa8a_11,qa8a_11,IMPORTANT ISSUES PERS: EDUCATION SYSTEM,,NA,0 = Not mentioned 1 = Mentioned 9 = Inap. (CY-TCC in isocntry),NA,NA,NA,X,,,standard,NA
ZA5612,5612,Eurobarometer 77.3,May,2012,qa8a_12,qa8a_12,IMPORTANT ISSUES PERS: ENVIRONMENT CLIMATE ENERGY,,NA,0 = Not mentioned 1 = Mentioned 9 = Inap. (CY-TCC in isocntry),NA,NA,NA,X,,,standard,NA
ZA5612,5612,Eurobarometer 77.3,May,2012,qa8a_13,qa8a_13,IMPORTANT ISSUES PERS: PENSIONS,,NA,0 = Not mentioned 1 = Mentioned 9 = Inap. (CY-TCC in isocntry),NA,NA,NA,X,,,standard,NA
ZA5612,5612,Eurobarometer 77.3,May,2012,qa8a_14,qa8a_14,IMPORTANT ISSUES PERS: OTHERS,,NA,0 = Not mentioned 1 = Mentioned 9 = Inap. (CY-TCC in isocntry),NA,NA,NA,X,,,standard,NA
ZA5612,5612,Eurobarometer 77.3,May,2012,qa8a_15,qa8a_15,IMPORTANT ISSUES PERS: NONE,,NA,0 = Not mentioned 1 = Mentioned 9 = Inap. (CY-TCC in isocntry),NA,NA,NA,X,,,standard,NA
ZA5612,5612,Eurobarometer 77.3,May,2012,qa8a_16,qa8a_16,IMPORTANT ISSUES PERS: DK,,NA,0 = Not mentioned 1 = Mentioned 9 = Inap. (CY-TCC in isocntry),NA,NA,NA,X,,,standard,NA
ZA5612,5612,Eurobarometer 77.3,May,2012,qa7b_1,qa7b_1,IMPORTANT ISSUES TCC: CRIME,,NA,0 = Not mentioned 1 = Mentioned 9 = Inap. (not CY-TCC in isocntry),NA,NA,NA,X,,,standard,NA
ZA5612,5612,Eurobarometer 77.3,May,2012,qa7b_2,qa7b_2,IMPORTANT ISSUES TCC: ECONOMIC SITUATION,,NA,0 = Not mentioned 1 = Mentioned 9 = Inap. (not CY-TCC in isocntry),NA,NA,NA,X,,,standard,NA
ZA5612,5612,Eurobarometer 77.3,May,2012,qa7b_3,qa7b_3,IMPORTANT ISSUES TCC: RISING PRICES/INFLATION,,NA,0 = Not mentioned 1 = Mentioned 9 = Inap. (not CY-TCC in isocntry),NA,NA,NA,X,,,standard,NA
ZA5612,5612,Eurobarometer 77.3,May,2012,qa7b_4,qa7b_4,IMPORTANT ISSUES TCC: TAXATION,,NA,0 = Not mentioned 1 = Mentioned 9 = Inap. (not CY-TCC in isocntry),NA,NA,NA,X,,,standard,NA
ZA5612,5612,Eurobarometer 77.3,May,2012,qa7b_5,qa7b_5,IMPORTANT ISSUES TCC: UNEMPLOYMENT,,NA,0 = Not mentioned 1 = Mentioned 9 = Inap. (not CY-TCC in isocntry),NA,NA,NA,X,,,standard,NA
ZA5612,5612,Eurobarometer 77.3,May,2012,qa7b_6,qa7b_6,IMPORTANT ISSUES TCC: TERRORISM,,NA,0 = Not mentioned 1 = Mentioned 9 = Inap. (not CY-TCC in isocntry),NA,NA,NA,X,,,standard,NA
ZA5612,5612,Eurobarometer 77.3,May,2012,qa7b_7,qa7b_7,IMPORTANT ISSUES TCC: HOUSING,,NA,0 = Not mentioned 1 = Mentioned 9 = Inap. (not CY-TCC in isocntry),NA,NA,NA,X,,,standard,NA
ZA5612,5612,Eurobarometer 77.3,May,2012,qa7b_8,qa7b_8,IMPORTANT ISSUES TCC: CYPRUS ISSUE,,NA,0 = Not mentioned 1 = Mentioned 9 = Inap. (not CY-TCC in isocntry),NA,NA,NA,X,,,standard,NA
ZA5612,5612,Eurobarometer 77.3,May,2012,qa7b_9,qa7b_9,IMPORTANT ISSUES TCC: IMMIGRATION,,NA,0 = Not mentioned 1 = Mentioned 9 = Inap. (not CY-TCC in isocntry),NA,NA,NA,X,,,standard,NA
ZA5612,5612,Eurobarometer 77.3,May,2012,qa7b_10,qa7b_10,IMPORTANT ISSUES TCC: HEALTH & SOCIAL SECURITY,,NA,0 = Not mentioned 1 = Mentioned 9 = Inap. (not CY-TCC in isocntry),NA,NA,NA,X,,,standard,NA
ZA5612,5612,Eurobarometer 77.3,May,2012,qa7b_11,qa7b_11,IMPORTANT ISSUES TCC: EDUCATION SYSTEM,,NA,0 = Not mentioned 1 = Mentioned 9 = Inap. (not CY-TCC in isocntry),NA,NA,NA,X,,,standard,NA
ZA5612,5612,Eurobarometer 77.3,May,2012,qa7b_12,qa7b_12,IMPORTANT ISSUES TCC: PENSIONS,,NA,0 = Not mentioned 1 = Mentioned 9 = Inap. (not CY-TCC in isocntry),NA,NA,NA,X,,,standard,NA
ZA5612,5612,Eurobarometer 77.3,May,2012,qa7b_13,qa7b_13,IMPORTANT ISSUES TCC: ENVIRONMENT CLIMATE ENERGY,,NA,0 = Not mentioned 1 = Mentioned 9 = Inap. (not CY-TCC in isocntry),NA,NA,NA,X,,,standard,NA
ZA5612,5612,Eurobarometer 77.3,May,2012,qa7b_14,qa7b_14,IMPORTANT ISSUES TCC: OTHERS,,NA,0 = Not mentioned 1 = Mentioned (NOT CODED) 9 = Inap. (not CY-TCC in isocntry),NA,NA,NA,X,,,standard,NA
ZA5612,5612,Eurobarometer 77.3,May,2012,qa7b_15,qa7b_15,IMPORTANT ISSUES TCC: NONE,,NA,0 = Not mentioned 1 = Mentioned (NOT CODED) 9 = Inap. (not CY-TCC in isocntry),NA,NA,NA,X,,,standard,NA
ZA5612,5612,Eurobarometer 77.3,May,2012,qa7b_16,qa7b_16,IMPORTANT ISSUES TCC: DK,,NA,0 = Not mentioned 1 = Mentioned (NOT CODED) 9 = Inap. (not CY-TCC in isocntry),NA,NA,NA,X,,,standard,NA
ZA5612,5612,Eurobarometer 77.3,May,2012,qa8b_1,qa8b_1,IMPORTANT ISSUES PERS: CRIME,,NA,0 = Not mentioned 1 = Mentioned 9 = Inap. (not CY-TCC in isocntry),NA,NA,NA,X,,,standard,NA
ZA5612,5612,Eurobarometer 77.3,May,2012,qa8b_2,qa8b_2,IMPORTANT ISSUES PERS: ECONOMIC SITUATION,,NA,0 = Not mentioned 1 = Mentioned 9 = Inap. (not CY-TCC in isocntry),NA,NA,NA,X,,,standard,NA
ZA5612,5612,Eurobarometer 77.3,May,2012,qa8b_3,qa8b_3,IMPORTANT ISSUES PERS: RISING PRICES/INFLATION,,NA,0 = Not mentioned 1 = Mentioned 9 = Inap. (not CY-TCC in isocntry),NA,NA,NA,X,,,standard,NA
ZA5612,5612,Eurobarometer 77.3,May,2012,qa8b_4,qa8b_4,IMPORTANT ISSUES PERS: TAXATION,,NA,0 = Not mentioned 1 = Mentioned 9 = Inap. (not CY-TCC in isocntry),NA,NA,NA,X,,,standard,NA
ZA5612,5612,Eurobarometer 77.3,May,2012,qa8b_5,qa8b_5,IMPORTANT ISSUES PERS: UNEMPLOYMENT,,NA,0 = Not mentioned 1 = Mentioned 9 = Inap. (not CY-TCC in isocntry),NA,NA,NA,X,,,standard,NA
ZA5612,5612,Eurobarometer 77.3,May,2012,qa8b_6,qa8b_6,IMPORTANT ISSUES PERS: TERRORISM,,NA,0 = Not mentioned 1 = Mentioned 9 = Inap. (not CY-TCC in isocntry),NA,NA,NA,X,,,standard,NA
ZA5612,5612,Eurobarometer 77.3,May,2012,qa8b_7,qa8b_7,IMPORTANT ISSUES PERS: CYPRUS ISSUE,,NA,0 = Not mentioned 1 = Mentioned 9 = Inap. (not CY-TCC in isocntry),NA,NA,NA,X,,,standard,NA
ZA5612,5612,Eurobarometer 77.3,May,2012,qa8b_8,qa8b_8,IMPORTANT ISSUES PERS: HOUSING,,NA,0 = Not mentioned 1 = Mentioned 9 = Inap. (not CY-TCC in isocntry),NA,NA,NA,X,,,standard,NA
ZA5612,5612,Eurobarometer 77.3,May,2012,qa8b_9,qa8b_9,IMPORTANT ISSUES PERS: FINANCIAL SIT HH,,NA,0 = Not mentioned 1 = Mentioned 9 = Inap. (not CY-TCC in isocntry),NA,NA,NA,X,,,standard,NA
ZA5612,5612,Eurobarometer 77.3,May,2012,qa8b_10,qa8b_10,IMPORTANT ISSUES PERS: IMMIGRATION,,NA,0 = Not mentioned 1 = Mentioned 9 = Inap. (not CY-TCC in isocntry),NA,NA,NA,X,,,standard,NA
ZA5612,5612,Eurobarometer 77.3,May,2012,qa8b_11,qa8b_11,IMPORTANT ISSUES PERS: HEALTH & SOCIAL SECURITY,,NA,0 = Not mentioned 1 = Mentioned 9 = Inap. (not CY-TCC in isocntry),NA,NA,NA,X,,,standard,NA
ZA5612,5612,Eurobarometer 77.3,May,2012,qa8b_12,qa8b_12,IMPORTANT ISSUES PERS: EDUCATION SYSTEM,,NA,0 = Not mentioned 1 = Mentioned 9 = Inap. (not CY-TCC in isocntry),NA,NA,NA,X,,,standard,NA
ZA5612,5612,Eurobarometer 77.3,May,2012,qa8b_13,qa8b_13,IMPORTANT ISSUES PERS: ENVIRONMENT CLIMATE ENERGY,,NA,0 = Not mentioned 1 = Mentioned 9 = Inap. (not CY-TCC in isocntry),NA,NA,NA,X,,,standard,NA
ZA5612,5612,Eurobarometer 77.3,May,2012,qa8b_14,qa8b_14,IMPORTANT ISSUES PERS: PENSIONS,,NA,0 = Not mentioned 1 = Mentioned 9 = Inap. (not CY-TCC in isocntry),NA,NA,NA,X,,,standard,NA
ZA5612,5612,Eurobarometer 77.3,May,2012,qa8b_15,qa8b_15,IMPORTANT ISSUES PERS: OTHERS,,NA,0 = Not mentioned 1 = Mentioned (NOT CODED) 9 = Inap. (not CY-TCC in isocntry),NA,NA,NA,X,,,standard,NA
ZA5612,5612,Eurobarometer 77.3,May,2012,qa8b_16,qa8b_16,IMPORTANT ISSUES PERS: NONE,,NA,0 = Not mentioned 1 = Mentioned 9 = Inap. (not CY-TCC in isocntry),NA,NA,NA,X,,,standard,NA
ZA5612,5612,Eurobarometer 77.3,May,2012,qa8b_17,qa8b_17,IMPORTANT ISSUES PERS: DK,,NA,0 = Not mentioned 1 = Mentioned 9 = Inap. (not CY-TCC in isocntry),NA,NA,NA,X,,,standard,NA
ZA5612,5612,Eurobarometer 77.3,May,2012,qa9_1,qa9_1,IMPORTANT ISSUES EU: CRIME,,NA,0 = Not mentioned 1 = Mentioned,NA,NA,NA,X,,,standard,NA
ZA5612,5612,Eurobarometer 77.3,May,2012,qa9_2,qa9_2,IMPORTANT ISSUES EU: ECONOMIC SITUATION,,NA,0 = Not mentioned 1 = Mentioned,NA,NA,NA,X,,,standard,NA
ZA5612,5612,Eurobarometer 77.3,May,2012,qa9_3,qa9_3,IMPORTANT ISSUES EU: RISING PRICES/INFLATION,,NA,0 = Not mentioned 1 = Mentioned,NA,NA,NA,X,,,standard,NA
ZA5612,5612,Eurobarometer 77.3,May,2012,qa9_4,qa9_4,IMPORTANT ISSUES EU: TAXATION,,NA,0 = Not mentioned 1 = Mentioned,NA,NA,NA,X,,,standard,NA
ZA5612,5612,Eurobarometer 77.3,May,2012,qa9_5,qa9_5,IMPORTANT ISSUES EU: UNEMPLOYMENT,,NA,0 = Not mentioned 1 = Mentioned,NA,NA,NA,X,,,standard,NA
ZA5612,5612,Eurobarometer 77.3,May,2012,qa9_6,qa9_6,IMPORTANT ISSUES EU: TERRORISM,,NA,0 = Not mentioned 1 = Mentioned,NA,NA,NA,X,,,standard,NA
ZA5612,5612,Eurobarometer 77.3,May,2012,qa9_7,qa9_7,IMPORTANT ISSUES EU: EU INFLUENCE IN THE WORLD,,NA,0 = Not mentioned 1 = Mentioned,NA,NA,NA,X,,,standard,NA
ZA5612,5612,Eurobarometer 77.3,May,2012,qa9_8,qa9_8,IMPORTANT ISSUES EU: STAE OF MEMBER FINANCES,,NA,0 = Not mentioned 1 = Mentioned,NA,NA,NA,X,,,standard,NA
ZA5612,5612,Eurobarometer 77.3,May,2012,qa9_9,qa9_9,IMPORTANT ISSUES EU: IMMIGRATION,,NA,0 = Not mentioned 1 = Mentioned,NA,NA,NA,X,,,standard,NA
ZA5612,5612,Eurobarometer 77.3,May,2012,qa9_10,qa9_10,IMPORTANT ISSUES EU: PENSIONS,,NA,0 = Not mentioned 1 = Mentioned,NA,NA,NA,X,,,standard,NA
ZA5612,5612,Eurobarometer 77.3,May,2012,qa9_11,qa9_11,IMPORTANT ISSUES EU: ENVIRONMENT,,NA,0 = Not mentioned 1 = Mentioned,NA,NA,NA,X,,,standard,NA
ZA5612,5612,Eurobarometer 77.3,May,2012,qa9_12,qa9_12,IMPORTANT ISSUES EU: ENERGY SUPPLY,,NA,0 = Not mentioned 1 = Mentioned,NA,NA,NA,X,,,standard,NA
ZA5612,5612,Eurobarometer 77.3,May,2012,qa9_13,qa9_13,IMPORTANT ISSUES EU: CLIMATE CHANGE,,NA,0 = Not mentioned 1 = Mentioned,NA,NA,NA,X,,,standard,NA
ZA5612,5612,Eurobarometer 77.3,May,2012,qa9_14,qa9_14,IMPORTANT ISSUES EU: OTHERS,,NA,0 = Not mentioned 1 = Mentioned,NA,NA,NA,X,,,standard,NA
ZA5612,5612,Eurobarometer 77.3,May,2012,qa9_15,qa9_15,IMPORTANT ISSUES EU: NONE,,NA,0 = Not mentioned 1 = Mentioned,NA,NA,NA,X,,,standard,NA
ZA5612,5612,Eurobarometer 77.3,May,2012,qa9_16,qa9_16,IMPORTANT ISSUES EU: DK,,NA,0 = Not mentioned 1 = Mentioned,NA,NA,NA,X,,,standard,NA
ZA5685,5685,Eurobarometer 78.1,November,2012,isocntry,isocntry,COUNTRY CODE - ISO 3166,,isocntry, = BE  = DK  = GR  = ES  = FI  = FR  = IE  = IT  = LU  = NL  = AT  = PT  = SE  = DE-W  = DE-E  = GB-GBN  = GB-NIR  = BG  = CY  = CZ  = EE  = HU  = LV  = LT  = MT  = PL  = RO  = SK  = SI  = TR  = IS  = HR  = CY-TCC  = MK  = ME  = RS,NA,NA,NA,X,,,standard,NA
ZA5685,5685,Eurobarometer 78.1,November,2012,qa5a_1,qa5a_1,IMPORTANT ISSUES CNTRY: CRIME,,NA,0 = Not mentioned 1 = Mentioned 9 = Inap. (CY-TCC in isocntry),NA,NA,NA,X,,,standard,NA
ZA5685,5685,Eurobarometer 78.1,November,2012,qa5a_2,qa5a_2,IMPORTANT ISSUES CNTRY: ECONOMIC SITUATION,,NA,0 = Not mentioned 1 = Mentioned 9 = Inap. (CY-TCC in isocntry),NA,NA,NA,X,,,standard,NA
ZA5685,5685,Eurobarometer 78.1,November,2012,qa5a_3,qa5a_3,IMPORTANT ISSUES CNTRY: RISING PRICES/INFLATION,,NA,0 = Not mentioned 1 = Mentioned 9 = Inap. (CY-TCC in isocntry),NA,NA,NA,X,,,standard,NA
ZA5685,5685,Eurobarometer 78.1,November,2012,qa5a_4,qa5a_4,IMPORTANT ISSUES CNTRY: TAXATION,,NA,0 = Not mentioned 1 = Mentioned 9 = Inap. (CY-TCC in isocntry),NA,NA,NA,X,,,standard,NA
ZA5685,5685,Eurobarometer 78.1,November,2012,qa5a_5,qa5a_5,IMPORTANT ISSUES CNTRY: UNEMPLOYMENT,,NA,0 = Not mentioned 1 = Mentioned 9 = Inap. (CY-TCC in isocntry),NA,NA,NA,X,,,standard,NA
ZA5685,5685,Eurobarometer 78.1,November,2012,qa5a_6,qa5a_6,IMPORTANT ISSUES CNTRY: TERRORISM,,NA,0 = Not mentioned 1 = Mentioned 9 = Inap. (CY-TCC in isocntry),NA,NA,NA,X,,,standard,NA
ZA5685,5685,Eurobarometer 78.1,November,2012,qa5a_7,qa5a_7,IMPORTANT ISSUES CNTRY: HOUSING,,NA,0 = Not mentioned 1 = Mentioned 9 = Inap. (CY-TCC in isocntry),NA,NA,NA,X,,,standard,NA
ZA5685,5685,Eurobarometer 78.1,November,2012,qa5a_8,qa5a_8,IMPORTANT ISSUES CNTRY: GOVERNMENT DEBT,,NA,0 = Not mentioned 1 = Mentioned 9 = Inap. (CY-TCC in isocntry),NA,NA,NA,X,,,standard,NA
ZA5685,5685,Eurobarometer 78.1,November,2012,qa5a_9,qa5a_9,IMPORTANT ISSUES CNTRY: IMMIGRATION,,NA,0 = Not mentioned 1 = Mentioned 9 = Inap. (CY-TCC in isocntry),NA,NA,NA,X,,,standard,NA
ZA5685,5685,Eurobarometer 78.1,November,2012,qa5a_10,qa5a_10,IMPORTANT ISSUES CNTRY: HEALTH & SOCIAL SECURITY,,NA,0 = Not mentioned 1 = Mentioned 9 = Inap. (CY-TCC in isocntry),NA,NA,NA,X,,,standard,NA
ZA5685,5685,Eurobarometer 78.1,November,2012,qa5a_11,qa5a_11,IMPORTANT ISSUES CNTRY: EDUCATION SYSTEM,,NA,0 = Not mentioned 1 = Mentioned 9 = Inap. (CY-TCC in isocntry),NA,NA,NA,X,,,standard,NA
ZA5685,5685,Eurobarometer 78.1,November,2012,qa5a_12,qa5a_12,IMPORTANT ISSUES CNTRY: PENSIONS,,NA,0 = Not mentioned 1 = Mentioned 9 = Inap. (CY-TCC in isocntry),NA,NA,NA,X,,,standard,NA
ZA5685,5685,Eurobarometer 78.1,November,2012,qa5a_13,qa5a_13,IMPORTANT ISSUES CNTRY: ENVIRONMENT CLIMATE ENERGY,,NA,0 = Not mentioned 1 = Mentioned 9 = Inap. (CY-TCC in isocntry),NA,NA,NA,X,,,standard,NA
ZA5685,5685,Eurobarometer 78.1,November,2012,qa5a_14,qa5a_14,IMPORTANT ISSUES CNTRY: OTHERS,,NA,0 = Not mentioned 1 = Mentioned 9 = Inap. (CY-TCC in isocntry),NA,NA,NA,X,,,standard,NA
ZA5685,5685,Eurobarometer 78.1,November,2012,qa5a_15,qa5a_15,IMPORTANT ISSUES CNTRY: NONE,,NA,0 = Not mentioned 1 = Mentioned 9 = Inap. (CY-TCC in isocntry),NA,NA,NA,X,,,standard,NA
ZA5685,5685,Eurobarometer 78.1,November,2012,qa5a_16,qa5a_16,IMPORTANT ISSUES CNTRY: DK,,NA,0 = Not mentioned 1 = Mentioned 9 = Inap. (CY-TCC in isocntry),NA,NA,NA,X,,,standard,NA
ZA5685,5685,Eurobarometer 78.1,November,2012,qa6a_1,qa6a_1,IMPORTANT ISSUES PERS: CRIME,,NA,0 = Not mentioned 1 = Mentioned 9 = Inap. (CY-TCC in isocntry),NA,NA,NA,X,,,standard,NA
ZA5685,5685,Eurobarometer 78.1,November,2012,qa6a_2,qa6a_2,IMPORTANT ISSUES PERS: ECONOMIC SITUATION,,NA,0 = Not mentioned 1 = Mentioned 9 = Inap. (CY-TCC in isocntry),NA,NA,NA,X,,,standard,NA
ZA5685,5685,Eurobarometer 78.1,November,2012,qa6a_3,qa6a_3,IMPORTANT ISSUES PERS: RISING PRICES/INFLATION,,NA,0 = Not mentioned 1 = Mentioned 9 = Inap. (CY-TCC in isocntry),NA,NA,NA,X,,,standard,NA
ZA5685,5685,Eurobarometer 78.1,November,2012,qa6a_4,qa6a_4,IMPORTANT ISSUES PERS: TAXATION,,NA,0 = Not mentioned 1 = Mentioned 9 = Inap. (CY-TCC in isocntry),NA,NA,NA,X,,,standard,NA
ZA5685,5685,Eurobarometer 78.1,November,2012,qa6a_5,qa6a_5,IMPORTANT ISSUES PERS: UNEMPLOYMENT,,NA,0 = Not mentioned 1 = Mentioned 9 = Inap. (CY-TCC in isocntry),NA,NA,NA,X,,,standard,NA
ZA5685,5685,Eurobarometer 78.1,November,2012,qa6a_6,qa6a_6,IMPORTANT ISSUES PERS: TERRORISM,,NA,0 = Not mentioned 1 = Mentioned 9 = Inap. (CY-TCC in isocntry),NA,NA,NA,X,,,standard,NA
ZA5685,5685,Eurobarometer 78.1,November,2012,qa6a_7,qa6a_7,IMPORTANT ISSUES PERS: HOUSING,,NA,0 = Not mentioned 1 = Mentioned 9 = Inap. (CY-TCC in isocntry),NA,NA,NA,X,,,standard,NA
ZA5685,5685,Eurobarometer 78.1,November,2012,qa6a_8,qa6a_8,IMPORTANT ISSUES PERS: FINANCIAL SIT HH,,NA,0 = Not mentioned 1 = Mentioned 9 = Inap. (CY-TCC in isocntry),NA,NA,NA,X,,,standard,NA
ZA5685,5685,Eurobarometer 78.1,November,2012,qa6a_9,qa6a_9,IMPORTANT ISSUES PERS: IMMIGRATION,,NA,0 = Not mentioned 1 = Mentioned 9 = Inap. (CY-TCC in isocntry),NA,NA,NA,X,,,standard,NA
ZA5685,5685,Eurobarometer 78.1,November,2012,qa6a_10,qa6a_10,IMPORTANT ISSUES PERS: HEALTH & SOCIAL SECURITY,,NA,0 = Not mentioned 1 = Mentioned 9 = Inap. (CY-TCC in isocntry),NA,NA,NA,X,,,standard,NA
ZA5685,5685,Eurobarometer 78.1,November,2012,qa6a_11,qa6a_11,IMPORTANT ISSUES PERS: EDUCATION SYSTEM,,NA,0 = Not mentioned 1 = Mentioned 9 = Inap. (CY-TCC in isocntry),NA,NA,NA,X,,,standard,NA
ZA5685,5685,Eurobarometer 78.1,November,2012,qa6a_12,qa6a_12,IMPORTANT ISSUES PERS: ENVIRONMENT CLIMATE ENERGY,,NA,0 = Not mentioned 1 = Mentioned 9 = Inap. (CY-TCC in isocntry),NA,NA,NA,X,,,standard,NA
ZA5685,5685,Eurobarometer 78.1,November,2012,qa6a_13,qa6a_13,IMPORTANT ISSUES PERS: PENSIONS,,NA,0 = Not mentioned 1 = Mentioned 9 = Inap. (CY-TCC in isocntry),NA,NA,NA,X,,,standard,NA
ZA5685,5685,Eurobarometer 78.1,November,2012,qa6a_14,qa6a_14,IMPORTANT ISSUES PERS: OTHERS,,NA,0 = Not mentioned 1 = Mentioned 9 = Inap. (CY-TCC in isocntry),NA,NA,NA,X,,,standard,NA
ZA5685,5685,Eurobarometer 78.1,November,2012,qa6a_15,qa6a_15,IMPORTANT ISSUES PERS: NONE,,NA,0 = Not mentioned 1 = Mentioned 9 = Inap. (CY-TCC in isocntry),NA,NA,NA,X,,,standard,NA
ZA5685,5685,Eurobarometer 78.1,November,2012,qa6a_16,qa6a_16,IMPORTANT ISSUES PERS: DK,,NA,0 = Not mentioned 1 = Mentioned 9 = Inap. (CY-TCC in isocntry),NA,NA,NA,X,,,standard,NA
ZA5685,5685,Eurobarometer 78.1,November,2012,qa5b_1,qa5b_1,IMPORTANT ISSUES TCC: CRIME,,NA,0 = Not mentioned 1 = Mentioned 9 = Inap. (not CY-TCC in isocntry),NA,NA,NA,X,,,standard,NA
ZA5685,5685,Eurobarometer 78.1,November,2012,qa5b_2,qa5b_2,IMPORTANT ISSUES TCC: ECONOMIC SITUATION,,NA,0 = Not mentioned 1 = Mentioned 9 = Inap. (not CY-TCC in isocntry),NA,NA,NA,X,,,standard,NA
ZA5685,5685,Eurobarometer 78.1,November,2012,qa5b_3,qa5b_3,IMPORTANT ISSUES TCC: RISING PRICES/INFLATION,,NA,0 = Not mentioned 1 = Mentioned 9 = Inap. (not CY-TCC in isocntry),NA,NA,NA,X,,,standard,NA
ZA5685,5685,Eurobarometer 78.1,November,2012,qa5b_4,qa5b_4,IMPORTANT ISSUES TCC: TAXATION,,NA,0 = Not mentioned 1 = Mentioned 9 = Inap. (not CY-TCC in isocntry),NA,NA,NA,X,,,standard,NA
ZA5685,5685,Eurobarometer 78.1,November,2012,qa5b_5,qa5b_5,IMPORTANT ISSUES TCC: UNEMPLOYMENT,,NA,0 = Not mentioned 1 = Mentioned 9 = Inap. (not CY-TCC in isocntry),NA,NA,NA,X,,,standard,NA
ZA5685,5685,Eurobarometer 78.1,November,2012,qa5b_6,qa5b_6,IMPORTANT ISSUES TCC: TERRORISM,,NA,0 = Not mentioned 1 = Mentioned 9 = Inap. (not CY-TCC in isocntry),NA,NA,NA,X,,,standard,NA
ZA5685,5685,Eurobarometer 78.1,November,2012,qa5b_7,qa5b_7,IMPORTANT ISSUES TCC: HOUSING,,NA,0 = Not mentioned 1 = Mentioned 9 = Inap. (not CY-TCC in isocntry),NA,NA,NA,X,,,standard,NA
ZA5685,5685,Eurobarometer 78.1,November,2012,qa5b_8,qa5b_8,IMPORTANT ISSUES TCC: CYPRUS ISSUE,,NA,0 = Not mentioned 1 = Mentioned 9 = Inap. (not CY-TCC in isocntry),NA,NA,NA,X,,,standard,NA
ZA5685,5685,Eurobarometer 78.1,November,2012,qa5b_9,qa5b_9,IMPORTANT ISSUES TCC: IMMIGRATION,,NA,0 = Not mentioned 1 = Mentioned 9 = Inap. (not CY-TCC in isocntry),NA,NA,NA,X,,,standard,NA
ZA5685,5685,Eurobarometer 78.1,November,2012,qa5b_10,qa5b_10,IMPORTANT ISSUES TCC: HEALTH & SOCIAL SECURITY,,NA,0 = Not mentioned 1 = Mentioned 9 = Inap. (not CY-TCC in isocntry),NA,NA,NA,X,,,standard,NA
ZA5685,5685,Eurobarometer 78.1,November,2012,qa5b_11,qa5b_11,IMPORTANT ISSUES TCC: EDUCATION SYSTEM,,NA,0 = Not mentioned 1 = Mentioned 9 = Inap. (not CY-TCC in isocntry),NA,NA,NA,X,,,standard,NA
ZA5685,5685,Eurobarometer 78.1,November,2012,qa5b_12,qa5b_12,IMPORTANT ISSUES TCC: PENSIONS,,NA,0 = Not mentioned 1 = Mentioned 9 = Inap. (not CY-TCC in isocntry),NA,NA,NA,X,,,standard,NA
ZA5685,5685,Eurobarometer 78.1,November,2012,qa5b_13,qa5b_13,IMPORTANT ISSUES TCC: ENVIRONMENT CLIMATE ENERGY,,NA,0 = Not mentioned 1 = Mentioned 9 = Inap. (not CY-TCC in isocntry),NA,NA,NA,X,,,standard,NA
ZA5685,5685,Eurobarometer 78.1,November,2012,qa5b_14,qa5b_14,IMPORTANT ISSUES TCC: OTHERS,,NA,0 = Not mentioned 1 = Mentioned 9 = Inap. (not CY-TCC in isocntry),NA,NA,NA,X,,,standard,NA
ZA5685,5685,Eurobarometer 78.1,November,2012,qa5b_15,qa5b_15,IMPORTANT ISSUES TCC: NONE,,NA,0 = Not mentioned 1 = Mentioned [NOT CODED] 9 = Inap. (not CY-TCC in isocntry),NA,NA,NA,X,,,standard,NA
ZA5685,5685,Eurobarometer 78.1,November,2012,qa5b_16,qa5b_16,IMPORTANT ISSUES TCC: DK,,NA,0 = Not mentioned 1 = Mentioned [NOT CODED] 9 = Inap. (not CY-TCC in isocntry),NA,NA,NA,X,,,standard,NA
ZA5685,5685,Eurobarometer 78.1,November,2012,qa6b_1,qa6b_1,IMPORTANT ISSUES PERS: CRIME,,NA,0 = Not mentioned 1 = Mentioned 9 = Inap. (not CY-TCC in isocntry),NA,NA,NA,X,,,standard,NA
ZA5685,5685,Eurobarometer 78.1,November,2012,qa6b_2,qa6b_2,IMPORTANT ISSUES PERS: ECONOMIC SITUATION,,NA,0 = Not mentioned 1 = Mentioned 9 = Inap. (not CY-TCC in isocntry),NA,NA,NA,X,,,standard,NA
ZA5685,5685,Eurobarometer 78.1,November,2012,qa6b_3,qa6b_3,IMPORTANT ISSUES PERS: RISING PRICES/INFLATION,,NA,0 = Not mentioned 1 = Mentioned 9 = Inap. (not CY-TCC in isocntry),NA,NA,NA,X,,,standard,NA
ZA5685,5685,Eurobarometer 78.1,November,2012,qa6b_4,qa6b_4,IMPORTANT ISSUES PERS: TAXATION,,NA,0 = Not mentioned 1 = Mentioned 9 = Inap. (not CY-TCC in isocntry),NA,NA,NA,X,,,standard,NA
ZA5685,5685,Eurobarometer 78.1,November,2012,qa6b_5,qa6b_5,IMPORTANT ISSUES PERS: UNEMPLOYMENT,,NA,0 = Not mentioned 1 = Mentioned 9 = Inap. (not CY-TCC in isocntry),NA,NA,NA,X,,,standard,NA
ZA5685,5685,Eurobarometer 78.1,November,2012,qa6b_6,qa6b_6,IMPORTANT ISSUES PERS: TERRORISM,,NA,0 = Not mentioned 1 = Mentioned 9 = Inap. (not CY-TCC in isocntry),NA,NA,NA,X,,,standard,NA
ZA5685,5685,Eurobarometer 78.1,November,2012,qa6b_7,qa6b_7,IMPORTANT ISSUES PERS: CYPRUS ISSUE,,NA,0 = Not mentioned 1 = Mentioned 9 = Inap. (not CY-TCC in isocntry),NA,NA,NA,X,,,standard,NA
ZA5685,5685,Eurobarometer 78.1,November,2012,qa6b_8,qa6b_8,IMPORTANT ISSUES PERS: HOUSING,,NA,0 = Not mentioned 1 = Mentioned 9 = Inap. (not CY-TCC in isocntry),NA,NA,NA,X,,,standard,NA
ZA5685,5685,Eurobarometer 78.1,November,2012,qa6b_9,qa6b_9,IMPORTANT ISSUES PERS: FINANCIAL SIT HH,,NA,0 = Not mentioned 1 = Mentioned 9 = Inap. (not CY-TCC in isocntry),NA,NA,NA,X,,,standard,NA
ZA5685,5685,Eurobarometer 78.1,November,2012,qa6b_10,qa6b_10,IMPORTANT ISSUES PERS: IMMIGRATION,,NA,0 = Not mentioned 1 = Mentioned 9 = Inap. (not CY-TCC in isocntry),NA,NA,NA,X,,,standard,NA
ZA5685,5685,Eurobarometer 78.1,November,2012,qa6b_11,qa6b_11,IMPORTANT ISSUES PERS: HEALTH & SOCIAL SECURITY,,NA,0 = Not mentioned 1 = Mentioned 9 = Inap. (not CY-TCC in isocntry),NA,NA,NA,X,,,standard,NA
ZA5685,5685,Eurobarometer 78.1,November,2012,qa6b_12,qa6b_12,IMPORTANT ISSUES PERS: EDUCATION SYSTEM,,NA,0 = Not mentioned 1 = Mentioned 9 = Inap. (not CY-TCC in isocntry),NA,NA,NA,X,,,standard,NA
ZA5685,5685,Eurobarometer 78.1,November,2012,qa6b_13,qa6b_13,IMPORTANT ISSUES PERS: ENVIRONMENT CLIMATE ENERGY,,NA,0 = Not mentioned 1 = Mentioned 9 = Inap. (not CY-TCC in isocntry),NA,NA,NA,X,,,standard,NA
ZA5685,5685,Eurobarometer 78.1,November,2012,qa6b_14,qa6b_14,IMPORTANT ISSUES PERS: PENSIONS,,NA,0 = Not mentioned 1 = Mentioned 9 = Inap. (not CY-TCC in isocntry),NA,NA,NA,X,,,standard,NA
ZA5685,5685,Eurobarometer 78.1,November,2012,qa6b_15,qa6b_15,IMPORTANT ISSUES PERS: OTHERS,,NA,0 = Not mentioned 1 = Mentioned 9 = Inap. (not CY-TCC in isocntry),NA,NA,NA,X,,,standard,NA
ZA5685,5685,Eurobarometer 78.1,November,2012,qa6b_16,qa6b_16,IMPORTANT ISSUES PERS: NONE,,NA,0 = Not mentioned 1 = Mentioned 9 = Inap. (not CY-TCC in isocntry),NA,NA,NA,X,,,standard,NA
ZA5685,5685,Eurobarometer 78.1,November,2012,qa6b_17,qa6b_17,IMPORTANT ISSUES PERS: DK,,NA,0 = Not mentioned 1 = Mentioned 9 = Inap. (not CY-TCC in isocntry),NA,NA,NA,X,,,standard,NA
ZA5685,5685,Eurobarometer 78.1,November,2012,qa7_1,qa7_1,IMPORTANT ISSUES EU: CRIME,,NA,0 = Not mentioned 1 = Mentioned 9 = Inap. (0 in eu27),NA,NA,NA,X,,,standard,NA
ZA5685,5685,Eurobarometer 78.1,November,2012,qa7_2,qa7_2,IMPORTANT ISSUES EU: ECONOMIC SITUATION,,NA,0 = Not mentioned 1 = Mentioned 9 = Inap. (0 in eu27),NA,NA,NA,X,,,standard,NA
ZA5685,5685,Eurobarometer 78.1,November,2012,qa7_3,qa7_3,IMPORTANT ISSUES EU: RISING PRICES/INFLATION,,NA,0 = Not mentioned 1 = Mentioned 9 = Inap. (0 in eu27),NA,NA,NA,X,,,standard,NA
ZA5685,5685,Eurobarometer 78.1,November,2012,qa7_4,qa7_4,IMPORTANT ISSUES EU: TAXATION,,NA,0 = Not mentioned 1 = Mentioned 9 = Inap. (0 in eu27),NA,NA,NA,X,,,standard,NA
ZA5685,5685,Eurobarometer 78.1,November,2012,qa7_5,qa7_5,IMPORTANT ISSUES EU: UNEMPLOYMENT,,NA,0 = Not mentioned 1 = Mentioned 9 = Inap. (0 in eu27),NA,NA,NA,X,,,standard,NA
ZA5685,5685,Eurobarometer 78.1,November,2012,qa7_6,qa7_6,IMPORTANT ISSUES EU: TERRORISM,,NA,0 = Not mentioned 1 = Mentioned 9 = Inap. (0 in eu27),NA,NA,NA,X,,,standard,NA
ZA5685,5685,Eurobarometer 78.1,November,2012,qa7_7,qa7_7,IMPORTANT ISSUES EU: EU INFLUENCE IN THE WORLD,,NA,0 = Not mentioned 1 = Mentioned 9 = Inap. (0 in eu27),NA,NA,NA,X,,,standard,NA
ZA5685,5685,Eurobarometer 78.1,November,2012,qa7_8,qa7_8,IMPORTANT ISSUES EU: STAE OF MEMBER FINANCES,,NA,0 = Not mentioned 1 = Mentioned 9 = Inap. (0 in eu27),NA,NA,NA,X,,,standard,NA
ZA5685,5685,Eurobarometer 78.1,November,2012,qa7_9,qa7_9,IMPORTANT ISSUES EU: IMMIGRATION,,NA,0 = Not mentioned 1 = Mentioned 9 = Inap. (0 in eu27),NA,NA,NA,X,,,standard,NA
ZA5685,5685,Eurobarometer 78.1,November,2012,qa7_10,qa7_10,IMPORTANT ISSUES EU: PENSIONS,,NA,0 = Not mentioned 1 = Mentioned 9 = Inap. (0 in eu27),NA,NA,NA,X,,,standard,NA
ZA5685,5685,Eurobarometer 78.1,November,2012,qa7_11,qa7_11,IMPORTANT ISSUES EU: ENVIRONMENT,,NA,0 = Not mentioned 1 = Mentioned 9 = Inap. (0 in eu27),NA,NA,NA,X,,,standard,NA
ZA5685,5685,Eurobarometer 78.1,November,2012,qa7_12,qa7_12,IMPORTANT ISSUES EU: ENERGY SUPPLY,,NA,0 = Not mentioned 1 = Mentioned 9 = Inap. (0 in eu27),NA,NA,NA,X,,,standard,NA
ZA5685,5685,Eurobarometer 78.1,November,2012,qa7_13,qa7_13,IMPORTANT ISSUES EU: CLIMATE CHANGE,,NA,0 = Not mentioned 1 = Mentioned 9 = Inap. (0 in eu27),NA,NA,NA,X,,,standard,NA
ZA5685,5685,Eurobarometer 78.1,November,2012,qa7_14,qa7_14,IMPORTANT ISSUES EU: OTHERS,,NA,0 = Not mentioned 1 = Mentioned 9 = Inap. (0 in eu27),NA,NA,NA,X,,,standard,NA
ZA5685,5685,Eurobarometer 78.1,November,2012,qa7_15,qa7_15,IMPORTANT ISSUES EU: NONE,,NA,0 = Not mentioned 1 = Mentioned 9 = Inap. (0 in eu27),NA,NA,NA,X,,,standard,NA
ZA5685,5685,Eurobarometer 78.1,November,2012,qa7_16,qa7_16,IMPORTANT ISSUES EU: DK,,NA,0 = Not mentioned 1 = Mentioned 9 = Inap. (0 in eu27),NA,NA,NA,X,,,standard,NA
ZA5689,5689,Eurobarometer 79.3,May,2013,isocntry,isocntry,COUNTRY CODE - ISO 3166,,isocntry, = BE  = DK  = GR  = ES  = FI  = FR  = IE  = IT  = LU  = NL  = AT  = PT  = SE  = DE-W  = DE-E  = GB-GBN  = GB-NIR  = BG  = CY  = CZ  = EE  = HU  = LV  = LT  = MT  = PL  = RO  = SK  = SI  = TR  = IS  = HR  = CY-TCC  = MK  = ME  = RS,NA,NA,NA,X,,,standard,NA
ZA5689,5689,Eurobarometer 79.3,May,2013,qa6a_1,qa6a_1,IMPORTANT ISSUES CNTRY: CRIME,,NA,0 = Not mentioned 1 = Mentioned 9 = Inap. (CY-TCC in isocntry),NA,NA,NA,X,,,standard,NA
ZA5689,5689,Eurobarometer 79.3,May,2013,qa6a_2,qa6a_2,IMPORTANT ISSUES CNTRY: ECONOMIC SITUATION,,NA,0 = Not mentioned 1 = Mentioned 9 = Inap. (CY-TCC in isocntry),NA,NA,NA,X,,,standard,NA
ZA5689,5689,Eurobarometer 79.3,May,2013,qa6a_3,qa6a_3,IMPORTANT ISSUES CNTRY: RISING PRICES/INFLATION,,NA,0 = Not mentioned 1 = Mentioned 9 = Inap. (CY-TCC in isocntry),NA,NA,NA,X,,,standard,NA
ZA5689,5689,Eurobarometer 79.3,May,2013,qa6a_4,qa6a_4,IMPORTANT ISSUES CNTRY: TAXATION,,NA,0 = Not mentioned 1 = Mentioned 9 = Inap. (CY-TCC in isocntry),NA,NA,NA,X,,,standard,NA
ZA5689,5689,Eurobarometer 79.3,May,2013,qa6a_5,qa6a_5,IMPORTANT ISSUES CNTRY: UNEMPLOYMENT,,NA,0 = Not mentioned 1 = Mentioned 9 = Inap. (CY-TCC in isocntry),NA,NA,NA,X,,,standard,NA
ZA5689,5689,Eurobarometer 79.3,May,2013,qa6a_6,qa6a_6,IMPORTANT ISSUES CNTRY: TERRORISM,,NA,0 = Not mentioned 1 = Mentioned 9 = Inap. (CY-TCC in isocntry),NA,NA,NA,X,,,standard,NA
ZA5689,5689,Eurobarometer 79.3,May,2013,qa6a_7,qa6a_7,IMPORTANT ISSUES CNTRY: HOUSING,,NA,0 = Not mentioned 1 = Mentioned 9 = Inap. (CY-TCC in isocntry),NA,NA,NA,X,,,standard,NA
ZA5689,5689,Eurobarometer 79.3,May,2013,qa6a_8,qa6a_8,IMPORTANT ISSUES CNTRY: GOVERNMENT DEBT,,NA,0 = Not mentioned 1 = Mentioned 9 = Inap. (CY-TCC in isocntry),NA,NA,NA,X,,,standard,NA
ZA5689,5689,Eurobarometer 79.3,May,2013,qa6a_9,qa6a_9,IMPORTANT ISSUES CNTRY: IMMIGRATION,,NA,0 = Not mentioned 1 = Mentioned 9 = Inap. (CY-TCC in isocntry),NA,NA,NA,X,,,standard,NA
ZA5689,5689,Eurobarometer 79.3,May,2013,qa6a_10,qa6a_10,IMPORTANT ISSUES CNTRY: HEALTH & SOC SECURITY,,NA,0 = Not mentioned 1 = Mentioned 9 = Inap. (CY-TCC in isocntry),NA,NA,NA,X,,,standard,NA
ZA5689,5689,Eurobarometer 79.3,May,2013,qa6a_11,qa6a_11,IMPORTANT ISSUES CNTRY: EDUCATION SYSTEM,,NA,0 = Not mentioned 1 = Mentioned 9 = Inap. (CY-TCC in isocntry),NA,NA,NA,X,,,standard,NA
ZA5689,5689,Eurobarometer 79.3,May,2013,qa6a_12,qa6a_12,IMPORTANT ISSUES CNTRY: PENSIONS,,NA,0 = Not mentioned 1 = Mentioned 9 = Inap. (CY-TCC in isocntry),NA,NA,NA,X,,,standard,NA
ZA5689,5689,Eurobarometer 79.3,May,2013,qa6a_13,qa6a_13,IMPORTANT ISSUES CNTRY: THE ENVIRONMENT,,NA,0 = Not mentioned 1 = Mentioned 9 = Inap. (CY-TCC in isocntry),NA,NA,NA,X,,,standard,NA
ZA5689,5689,Eurobarometer 79.3,May,2013,qa6a_14,qa6a_14,IMPORTANT ISSUES CNTRY: OTHER (SPONT),,NA,0 = Not mentioned 1 = Mentioned 9 = Inap. (CY-TCC in isocntry),NA,NA,NA,X,,,standard,NA
ZA5689,5689,Eurobarometer 79.3,May,2013,qa6a_15,qa6a_15,IMPORTANT ISSUES CNTRY: NONE (SPONT),,NA,0 = Not mentioned 1 = Mentioned 9 = Inap. (CY-TCC in isocntry),NA,NA,NA,X,,,standard,NA
ZA5689,5689,Eurobarometer 79.3,May,2013,qa6a_16,qa6a_16,IMPORTANT ISSUES CNTRY: DK,,NA,0 = Not mentioned 1 = Mentioned 9 = Inap. (CY-TCC in isocntry),NA,NA,NA,X,,,standard,NA
ZA5689,5689,Eurobarometer 79.3,May,2013,qa7a_1,qa7a_1,IMPORTANT ISSUES PERS: CRIME,,NA,0 = Not mentioned 1 = Mentioned 9 = Inap. (CY-TCC in isocntry),NA,NA,NA,X,,,standard,NA
ZA5689,5689,Eurobarometer 79.3,May,2013,qa7a_2,qa7a_2,IMPORTANT ISSUES PERS: ECONOMIC SITUATION,,NA,0 = Not mentioned 1 = Mentioned 9 = Inap. (CY-TCC in isocntry),NA,NA,NA,X,,,standard,NA
ZA5689,5689,Eurobarometer 79.3,May,2013,qa7a_3,qa7a_3,IMPORTANT ISSUES PERS: RISING PRICES/INFLATION,,NA,0 = Not mentioned 1 = Mentioned 9 = Inap. (CY-TCC in isocntry),NA,NA,NA,X,,,standard,NA
ZA5689,5689,Eurobarometer 79.3,May,2013,qa7a_4,qa7a_4,IMPORTANT ISSUES PERS: TAXATION,,NA,0 = Not mentioned 1 = Mentioned 9 = Inap. (CY-TCC in isocntry),NA,NA,NA,X,,,standard,NA
ZA5689,5689,Eurobarometer 79.3,May,2013,qa7a_5,qa7a_5,IMPORTANT ISSUES PERS: UNEMPLOYMENT,,NA,0 = Not mentioned 1 = Mentioned 9 = Inap. (CY-TCC in isocntry),NA,NA,NA,X,,,standard,NA
ZA5689,5689,Eurobarometer 79.3,May,2013,qa7a_6,qa7a_6,IMPORTANT ISSUES PERS: TERRORISM,,NA,0 = Not mentioned 1 = Mentioned 9 = Inap. (CY-TCC in isocntry),NA,NA,NA,X,,,standard,NA
ZA5689,5689,Eurobarometer 79.3,May,2013,qa7a_7,qa7a_7,IMPORTANT ISSUES PERS: HOUSING,,NA,0 = Not mentioned 1 = Mentioned 9 = Inap. (CY-TCC in isocntry),NA,NA,NA,X,,,standard,NA
ZA5689,5689,Eurobarometer 79.3,May,2013,qa7a_8,qa7a_8,IMPORTANT ISSUES PERS: FINANCIAL SIT HH,,NA,0 = Not mentioned 1 = Mentioned 9 = Inap. (CY-TCC in isocntry),NA,NA,NA,X,,,standard,NA
ZA5689,5689,Eurobarometer 79.3,May,2013,qa7a_9,qa7a_9,IMPORTANT ISSUES PERS: IMMIGRATION,,NA,0 = Not mentioned 1 = Mentioned 9 = Inap. (CY-TCC in isocntry),NA,NA,NA,X,,,standard,NA
ZA5689,5689,Eurobarometer 79.3,May,2013,qa7a_10,qa7a_10,IMPORTANT ISSUES PERS: HEALTH & SOC SECURITY,,NA,0 = Not mentioned 1 = Mentioned 9 = Inap. (CY-TCC in isocntry),NA,NA,NA,X,,,standard,NA
ZA5689,5689,Eurobarometer 79.3,May,2013,qa7a_11,qa7a_11,IMPORTANT ISSUES PERS: EDUCATION SYSTEM,,NA,0 = Not mentioned 1 = Mentioned 9 = Inap. (CY-TCC in isocntry),NA,NA,NA,X,,,standard,NA
ZA5689,5689,Eurobarometer 79.3,May,2013,qa7a_12,qa7a_12,IMPORTANT ISSUES PERS: THE ENVIRONMENT,,NA,0 = Not mentioned 1 = Mentioned 9 = Inap. (CY-TCC in isocntry),NA,NA,NA,X,,,standard,NA
ZA5689,5689,Eurobarometer 79.3,May,2013,qa7a_13,qa7a_13,IMPORTANT ISSUES PERS: PENSIONS,,NA,0 = Not mentioned 1 = Mentioned 9 = Inap. (CY-TCC in isocntry),NA,NA,NA,X,,,standard,NA
ZA5689,5689,Eurobarometer 79.3,May,2013,qa7a_14,qa7a_14,IMPORTANT ISSUES PERS: OTHER (SPONT),,NA,0 = Not mentioned 1 = Mentioned 9 = Inap. (CY-TCC in isocntry),NA,NA,NA,X,,,standard,NA
ZA5689,5689,Eurobarometer 79.3,May,2013,qa7a_15,qa7a_15,IMPORTANT ISSUES PERS: NONE (SPONT),,NA,0 = Not mentioned 1 = Mentioned 9 = Inap. (CY-TCC in isocntry),NA,NA,NA,X,,,standard,NA
ZA5689,5689,Eurobarometer 79.3,May,2013,qa7a_16,qa7a_16,IMPORTANT ISSUES PERS: DK,,NA,0 = Not mentioned 1 = Mentioned 9 = Inap. (CY-TCC in isocntry),NA,NA,NA,X,,,standard,NA
ZA5689,5689,Eurobarometer 79.3,May,2013,qa6b_1,qa6b_1,IMPORTANT ISSUES TCC: CRIME,,NA,0 = Not mentioned 1 = Mentioned 9 = Inap. (not CY-TCC in isocntry),NA,NA,NA,X,,,standard,NA
ZA5689,5689,Eurobarometer 79.3,May,2013,qa6b_2,qa6b_2,IMPORTANT ISSUES TCC: ECONOMIC SITUATION,,NA,0 = Not mentioned 1 = Mentioned 9 = Inap. (not CY-TCC in isocntry),NA,NA,NA,X,,,standard,NA
ZA5689,5689,Eurobarometer 79.3,May,2013,qa6b_3,qa6b_3,IMPORTANT ISSUES TCC: RISING PRICES/INFLATION,,NA,0 = Not mentioned 1 = Mentioned 9 = Inap. (not CY-TCC in isocntry),NA,NA,NA,X,,,standard,NA
ZA5689,5689,Eurobarometer 79.3,May,2013,qa6b_4,qa6b_4,IMPORTANT ISSUES TCC: TAXATION,,NA,0 = Not mentioned 1 = Mentioned 9 = Inap. (not CY-TCC in isocntry),NA,NA,NA,X,,,standard,NA
ZA5689,5689,Eurobarometer 79.3,May,2013,qa6b_5,qa6b_5,IMPORTANT ISSUES TCC: UNEMPLOYMENT,,NA,0 = Not mentioned 1 = Mentioned 9 = Inap. (not CY-TCC in isocntry),NA,NA,NA,X,,,standard,NA
ZA5689,5689,Eurobarometer 79.3,May,2013,qa6b_6,qa6b_6,IMPORTANT ISSUES TCC: TERRORISM,,NA,0 = Not mentioned 1 = Mentioned 9 = Inap. (not CY-TCC in isocntry),NA,NA,NA,X,,,standard,NA
ZA5689,5689,Eurobarometer 79.3,May,2013,qa6b_7,qa6b_7,IMPORTANT ISSUES TCC: HOUSING,,NA,0 = Not mentioned 1 = Mentioned 9 = Inap. (not CY-TCC in isocntry),NA,NA,NA,X,,,standard,NA
ZA5689,5689,Eurobarometer 79.3,May,2013,qa6b_8,qa6b_8,IMPORTANT ISSUES TCC: CYPRUS ISSUE,,NA,0 = Not mentioned 1 = Mentioned 9 = Inap. (not CY-TCC in isocntry),NA,NA,NA,X,,,standard,NA
ZA5689,5689,Eurobarometer 79.3,May,2013,qa6b_9,qa6b_9,IMPORTANT ISSUES TCC: IMMIGRATION,,NA,0 = Not mentioned 1 = Mentioned 9 = Inap. (not CY-TCC in isocntry),NA,NA,NA,X,,,standard,NA
ZA5689,5689,Eurobarometer 79.3,May,2013,qa6b_10,qa6b_10,IMPORTANT ISSUES TCC: HEALTH & SOC SECURITY,,NA,0 = Not mentioned 1 = Mentioned 9 = Inap. (not CY-TCC in isocntry),NA,NA,NA,X,,,standard,NA
ZA5689,5689,Eurobarometer 79.3,May,2013,qa6b_11,qa6b_11,IMPORTANT ISSUES TCC: EDUCATION SYSTEM,,NA,0 = Not mentioned 1 = Mentioned 9 = Inap. (not CY-TCC in isocntry),NA,NA,NA,X,,,standard,NA
ZA5689,5689,Eurobarometer 79.3,May,2013,qa6b_12,qa6b_12,IMPORTANT ISSUES TCC: PENSIONS,,NA,0 = Not mentioned 1 = Mentioned 9 = Inap. (not CY-TCC in isocntry),NA,NA,NA,X,,,standard,NA
ZA5689,5689,Eurobarometer 79.3,May,2013,qa6b_13,qa6b_13,IMPORTANT ISSUES TCC: THE ENVIRONMENT,,NA,0 = Not mentioned 1 = Mentioned 9 = Inap. (not CY-TCC in isocntry),NA,NA,NA,X,,,standard,NA
ZA5689,5689,Eurobarometer 79.3,May,2013,qa6b_14,qa6b_14,IMPORTANT ISSUES TCC: OTHER (SPONT),,NA,0 = Not mentioned 1 = Mentioned (not coded) 9 = Inap. (not CY-TCC in isocntry),NA,NA,NA,X,,,standard,NA
ZA5689,5689,Eurobarometer 79.3,May,2013,qa6b_15,qa6b_15,IMPORTANT ISSUES TCC: NONE (SPONT),,NA,0 = Not mentioned 1 = Mentioned (not coded) 9 = Inap. (not CY-TCC in isocntry),NA,NA,NA,X,,,standard,NA
ZA5689,5689,Eurobarometer 79.3,May,2013,qa6b_16,qa6b_16,IMPORTANT ISSUES TCC: DK,,NA,0 = Not mentioned 1 = Mentioned (not coded) 9 = Inap. (not CY-TCC in isocntry),NA,NA,NA,X,,,standard,NA
ZA5689,5689,Eurobarometer 79.3,May,2013,qa7b_1,qa7b_1,IMPORTANT ISSUES PERS: CRIME,,NA,0 = Not mentioned 1 = Mentioned 9 = Inap. (not CY-TCC in isocntry),NA,NA,NA,X,,,standard,NA
ZA5689,5689,Eurobarometer 79.3,May,2013,qa7b_2,qa7b_2,IMPORTANT ISSUES PERS: ECONOMIC SITUATION,,NA,0 = Not mentioned 1 = Mentioned 9 = Inap. (not CY-TCC in isocntry),NA,NA,NA,X,,,standard,NA
ZA5689,5689,Eurobarometer 79.3,May,2013,qa7b_3,qa7b_3,IMPORTANT ISSUES PERS: RISING PRICES/INFLATION,,NA,0 = Not mentioned 1 = Mentioned 9 = Inap. (not CY-TCC in isocntry),NA,NA,NA,X,,,standard,NA
ZA5689,5689,Eurobarometer 79.3,May,2013,qa7b_4,qa7b_4,IMPORTANT ISSUES PERS: TAXATION,,NA,0 = Not mentioned 1 = Mentioned 9 = Inap. (not CY-TCC in isocntry),NA,NA,NA,X,,,standard,NA
ZA5689,5689,Eurobarometer 79.3,May,2013,qa7b_5,qa7b_5,IMPORTANT ISSUES PERS: UNEMPLOYMENT,,NA,0 = Not mentioned 1 = Mentioned 9 = Inap. (not CY-TCC in isocntry),NA,NA,NA,X,,,standard,NA
ZA5689,5689,Eurobarometer 79.3,May,2013,qa7b_6,qa7b_6,IMPORTANT ISSUES PERS: TERRORISM,,NA,0 = Not mentioned 1 = Mentioned 9 = Inap. (not CY-TCC in isocntry),NA,NA,NA,X,,,standard,NA
ZA5689,5689,Eurobarometer 79.3,May,2013,qa7b_7,qa7b_7,IMPORTANT ISSUES PERS: CYPRUS ISSUE,,NA,0 = Not mentioned 1 = Mentioned 9 = Inap. (not CY-TCC in isocntry),NA,NA,NA,X,,,standard,NA
ZA5689,5689,Eurobarometer 79.3,May,2013,qa7b_8,qa7b_8,IMPORTANT ISSUES PERS: HOUSING,,NA,0 = Not mentioned 1 = Mentioned 9 = Inap. (not CY-TCC in isocntry),NA,NA,NA,X,,,standard,NA
ZA5689,5689,Eurobarometer 79.3,May,2013,qa7b_9,qa7b_9,IMPORTANT ISSUES PERS: FINANCIAL SIT HH,,NA,0 = Not mentioned 1 = Mentioned 9 = Inap. (not CY-TCC in isocntry),NA,NA,NA,X,,,standard,NA
ZA5689,5689,Eurobarometer 79.3,May,2013,qa7b_10,qa7b_10,IMPORTANT ISSUES PERS: IMMIGRATION,,NA,0 = Not mentioned 1 = Mentioned 9 = Inap. (not CY-TCC in isocntry),NA,NA,NA,X,,,standard,NA
ZA5689,5689,Eurobarometer 79.3,May,2013,qa7b_11,qa7b_11,IMPORTANT ISSUES PERS: HEALTH & SOC SECURITY,,NA,0 = Not mentioned 1 = Mentioned 9 = Inap. (not CY-TCC in isocntry),NA,NA,NA,X,,,standard,NA
ZA5689,5689,Eurobarometer 79.3,May,2013,qa7b_12,qa7b_12,IMPORTANT ISSUES PERS: EDUCATION SYSTEM,,NA,0 = Not mentioned 1 = Mentioned 9 = Inap. (not CY-TCC in isocntry),NA,NA,NA,X,,,standard,NA
ZA5689,5689,Eurobarometer 79.3,May,2013,qa7b_13,qa7b_13,IMPORTANT ISSUES PERS: THE ENVIRONMENT,,NA,0 = Not mentioned 1 = Mentioned 9 = Inap. (not CY-TCC in isocntry),NA,NA,NA,X,,,standard,NA
ZA5689,5689,Eurobarometer 79.3,May,2013,qa7b_14,qa7b_14,IMPORTANT ISSUES PERS: PENSIONS,,NA,0 = Not mentioned 1 = Mentioned 9 = Inap. (not CY-TCC in isocntry),NA,NA,NA,X,,,standard,NA
ZA5689,5689,Eurobarometer 79.3,May,2013,qa7b_15,qa7b_15,IMPORTANT ISSUES PERS: OTHER (SPONT),,NA,0 = Not mentioned 1 = Mentioned (not coded) 9 = Inap. (not CY-TCC in isocntry),NA,NA,NA,X,,,standard,NA
ZA5689,5689,Eurobarometer 79.3,May,2013,qa7b_16,qa7b_16,IMPORTANT ISSUES PERS: NONE (SPONT),,NA,0 = Not mentioned 1 = Mentioned (not coded) 9 = Inap. (not CY-TCC in isocntry),NA,NA,NA,X,,,standard,NA
ZA5689,5689,Eurobarometer 79.3,May,2013,qa7b_17,qa7b_17,IMPORTANT ISSUES PERS: DK,,NA,0 = Not mentioned 1 = Mentioned (not coded) 9 = Inap. (not CY-TCC in isocntry),NA,NA,NA,X,,,standard,NA
ZA5689,5689,Eurobarometer 79.3,May,2013,qa8_1,qa8_1,IMPORTANT ISSUES EU: CRIME,,NA,0 = Not mentioned 1 = Mentioned 9 = Inap. not EU27 + HR (0 in eu28),NA,NA,NA,X,,,standard,NA
ZA5689,5689,Eurobarometer 79.3,May,2013,qa8_2,qa8_2,IMPORTANT ISSUES EU: ECONOMIC SITUATION,,NA,0 = Not mentioned 1 = Mentioned 9 = Inap. not EU27 + HR (0 in eu28),NA,NA,NA,X,,,standard,NA
ZA5689,5689,Eurobarometer 79.3,May,2013,qa8_3,qa8_3,IMPORTANT ISSUES EU: RISING PRICES/INFLATION,,NA,0 = Not mentioned 1 = Mentioned 9 = Inap. not EU27 + HR (0 in eu28),NA,NA,NA,X,,,standard,NA
ZA5689,5689,Eurobarometer 79.3,May,2013,qa8_4,qa8_4,IMPORTANT ISSUES EU: TAXATION,,NA,0 = Not mentioned 1 = Mentioned 9 = Inap. not EU27 + HR (0 in eu28),NA,NA,NA,X,,,standard,NA
ZA5689,5689,Eurobarometer 79.3,May,2013,qa8_5,qa8_5,IMPORTANT ISSUES EU: UNEMPLOYMENT,,NA,0 = Not mentioned 1 = Mentioned 9 = Inap. not EU27 + HR (0 in eu28),NA,NA,NA,X,,,standard,NA
ZA5689,5689,Eurobarometer 79.3,May,2013,qa8_6,qa8_6,IMPORTANT ISSUES EU: TERRORISM,,NA,0 = Not mentioned 1 = Mentioned 9 = Inap. not EU27 + HR (0 in eu28),NA,NA,NA,X,,,standard,NA
ZA5689,5689,Eurobarometer 79.3,May,2013,qa8_7,qa8_7,IMPORTANT ISSUES EU: INFLUENCE IN THE WORLD,,NA,0 = Not mentioned 1 = Mentioned 9 = Inap. not EU27 + HR (0 in eu28),NA,NA,NA,X,,,standard,NA
ZA5689,5689,Eurobarometer 79.3,May,2013,qa8_8,qa8_8,IMPORTANT ISSUES EU: MEMBER FINANCES,,NA,0 = Not mentioned 1 = Mentioned 9 = Inap. not EU27 + HR (0 in eu28),NA,NA,NA,X,,,standard,NA
ZA5689,5689,Eurobarometer 79.3,May,2013,qa8_9,qa8_9,IMPORTANT ISSUES EU: IMMIGRATION,,NA,0 = Not mentioned 1 = Mentioned 9 = Inap. not EU27 + HR (0 in eu28),NA,NA,NA,X,,,standard,NA
ZA5689,5689,Eurobarometer 79.3,May,2013,qa8_10,qa8_10,IMPORTANT ISSUES EU: PENSIONS,,NA,0 = Not mentioned 1 = Mentioned 9 = Inap. not EU27 + HR (0 in eu28),NA,NA,NA,X,,,standard,NA
ZA5689,5689,Eurobarometer 79.3,May,2013,qa8_11,qa8_11,IMPORTANT ISSUES EU: THE ENVIRONMENT,,NA,0 = Not mentioned 1 = Mentioned 9 = Inap. not EU27 + HR (0 in eu28),NA,NA,NA,X,,,standard,NA
ZA5689,5689,Eurobarometer 79.3,May,2013,qa8_12,qa8_12,IMPORTANT ISSUES EU: ENERGY SUPPLY,,NA,0 = Not mentioned 1 = Mentioned 9 = Inap. not EU27 + HR (0 in eu28),NA,NA,NA,X,,,standard,NA
ZA5689,5689,Eurobarometer 79.3,May,2013,qa8_13,qa8_13,IMPORTANT ISSUES EU: CLIMATE CHANGE,,NA,0 = Not mentioned 1 = Mentioned 9 = Inap. not EU27 + HR (0 in eu28),NA,NA,NA,X,,,standard,NA
ZA5689,5689,Eurobarometer 79.3,May,2013,qa8_14,qa8_14,IMPORTANT ISSUES EU: OTHER (SPONT),,NA,0 = Not mentioned 1 = Mentioned 9 = Inap. not EU27 + HR (0 in eu28),NA,NA,NA,X,,,standard,NA
ZA5689,5689,Eurobarometer 79.3,May,2013,qa8_15,qa8_15,IMPORTANT ISSUES EU: NONE (SPONT),,NA,0 = Not mentioned 1 = Mentioned 9 = Inap. not EU27 + HR (0 in eu28),NA,NA,NA,X,,,standard,NA
ZA5689,5689,Eurobarometer 79.3,May,2013,qa8_16,qa8_16,IMPORTANT ISSUES EU: DK,,NA,0 = Not mentioned 1 = Mentioned 9 = Inap. not EU27 + HR (0 in eu28),NA,NA,NA,X,,,standard,NA
ZA5876,5876,Eurobarometer 80.1,November,2013,isocntry,isocntry,COUNTRY CODE - ISO 3166,,isocntry, = BE  = DK  = GR  = ES  = FI  = FR  = IE  = IT  = LU  = NL  = AT  = PT  = SE  = DE-W  = DE-E  = GB-GBN  = GB-NIR  = BG  = CY  = CZ  = EE  = HU  = LV  = LT  = MT  = PL  = RO  = SK  = SI  = TR  = IS  = HR  = CY-TCC  = MK  = ME  = RS,NA,NA,NA,X,,,standard,NA
ZA5876,5876,Eurobarometer 80.1,November,2013,qa4a_1,qa4a_1,IMPORTANT ISSUES CNTRY: CRIME,,NA,0 = Not mentioned 1 = Mentioned 9 = Inap. (CY-TCC in isocntry),NA,NA,NA,X,,,standard,NA
ZA5876,5876,Eurobarometer 80.1,November,2013,qa4a_2,qa4a_2,IMPORTANT ISSUES CNTRY: ECONOMIC SITUATION,,NA,0 = Not mentioned 1 = Mentioned 9 = Inap. (CY-TCC in isocntry),NA,NA,NA,X,,,standard,NA
ZA5876,5876,Eurobarometer 80.1,November,2013,qa4a_3,qa4a_3,IMPORTANT ISSUES CNTRY: RISING PRICES/INFLATION,,NA,0 = Not mentioned 1 = Mentioned 9 = Inap. (CY-TCC in isocntry),NA,NA,NA,X,,,standard,NA
ZA5876,5876,Eurobarometer 80.1,November,2013,qa4a_4,qa4a_4,IMPORTANT ISSUES CNTRY: TAXATION,,NA,0 = Not mentioned 1 = Mentioned 9 = Inap. (CY-TCC in isocntry),NA,NA,NA,X,,,standard,NA
ZA5876,5876,Eurobarometer 80.1,November,2013,qa4a_5,qa4a_5,IMPORTANT ISSUES CNTRY: UNEMPLOYMENT,,NA,0 = Not mentioned 1 = Mentioned 9 = Inap. (CY-TCC in isocntry),NA,NA,NA,X,,,standard,NA
ZA5876,5876,Eurobarometer 80.1,November,2013,qa4a_6,qa4a_6,IMPORTANT ISSUES CNTRY: TERRORISM,,NA,0 = Not mentioned 1 = Mentioned 9 = Inap. (CY-TCC in isocntry),NA,NA,NA,X,,,standard,NA
ZA5876,5876,Eurobarometer 80.1,November,2013,qa4a_7,qa4a_7,IMPORTANT ISSUES CNTRY: HOUSING,,NA,0 = Not mentioned 1 = Mentioned 9 = Inap. (CY-TCC in isocntry),NA,NA,NA,X,,,standard,NA
ZA5876,5876,Eurobarometer 80.1,November,2013,qa4a_8,qa4a_8,IMPORTANT ISSUES CNTRY: GOVERNMENT DEBT,,NA,0 = Not mentioned 1 = Mentioned 9 = Inap. (CY-TCC in isocntry),NA,NA,NA,X,,,standard,NA
ZA5876,5876,Eurobarometer 80.1,November,2013,qa4a_9,qa4a_9,IMPORTANT ISSUES CNTRY: IMMIGRATION,,NA,0 = Not mentioned 1 = Mentioned 9 = Inap. (CY-TCC in isocntry),NA,NA,NA,X,,,standard,NA
ZA5876,5876,Eurobarometer 80.1,November,2013,qa4a_10,qa4a_10,IMPORTANT ISSUES CNTRY: HEALTH & SOC SECURITY,,NA,0 = Not mentioned 1 = Mentioned 9 = Inap. (CY-TCC in isocntry),NA,NA,NA,X,,,standard,NA
ZA5876,5876,Eurobarometer 80.1,November,2013,qa4a_11,qa4a_11,IMPORTANT ISSUES CNTRY: EDUCATION SYSTEM,,NA,0 = Not mentioned 1 = Mentioned 9 = Inap. (CY-TCC in isocntry),NA,NA,NA,X,,,standard,NA
ZA5876,5876,Eurobarometer 80.1,November,2013,qa4a_12,qa4a_12,IMPORTANT ISSUES CNTRY: PENSIONS,,NA,0 = Not mentioned 1 = Mentioned 9 = Inap. (CY-TCC in isocntry),NA,NA,NA,X,,,standard,NA
ZA5876,5876,Eurobarometer 80.1,November,2013,qa4a_13,qa4a_13,IMPORTANT ISSUES CNTRY: THE ENVIRONMENT,,NA,0 = Not mentioned 1 = Mentioned 9 = Inap. (CY-TCC in isocntry),NA,NA,NA,X,,,standard,NA
ZA5876,5876,Eurobarometer 80.1,November,2013,qa4a_14,qa4a_14,IMPORTANT ISSUES CNTRY: OTHER (SPONT),,NA,0 = Not mentioned 1 = Mentioned 9 = Inap. (CY-TCC in isocntry),NA,NA,NA,X,,,standard,NA
ZA5876,5876,Eurobarometer 80.1,November,2013,qa4a_15,qa4a_15,IMPORTANT ISSUES CNTRY: NONE (SPONT),,NA,0 = Not mentioned 1 = Mentioned 9 = Inap. (CY-TCC in isocntry),NA,NA,NA,X,,,standard,NA
ZA5876,5876,Eurobarometer 80.1,November,2013,qa4a_16,qa4a_16,IMPORTANT ISSUES CNTRY: DK,,NA,0 = Not mentioned 1 = Mentioned 9 = Inap. (CY-TCC in isocntry),NA,NA,NA,X,,,standard,NA
ZA5876,5876,Eurobarometer 80.1,November,2013,qa5a_1,qa5a_1,IMPORTANT ISSUES PERS: CRIME,,NA,0 = Not mentioned 1 = Mentioned 9 = Inap. (CY-TCC in isocntry),NA,NA,NA,X,,,standard,NA
ZA5876,5876,Eurobarometer 80.1,November,2013,qa5a_2,qa5a_2,IMPORTANT ISSUES PERS: ECONOMIC SITUATION,,NA,0 = Not mentioned 1 = Mentioned 9 = Inap. (CY-TCC in isocntry),NA,NA,NA,X,,,standard,NA
ZA5876,5876,Eurobarometer 80.1,November,2013,qa5a_3,qa5a_3,IMPORTANT ISSUES PERS: RISING PRICES/INFLATION,,NA,0 = Not mentioned 1 = Mentioned 9 = Inap. (CY-TCC in isocntry),NA,NA,NA,X,,,standard,NA
ZA5876,5876,Eurobarometer 80.1,November,2013,qa5a_4,qa5a_4,IMPORTANT ISSUES PERS: TAXATION,,NA,0 = Not mentioned 1 = Mentioned 9 = Inap. (CY-TCC in isocntry),NA,NA,NA,X,,,standard,NA
ZA5876,5876,Eurobarometer 80.1,November,2013,qa5a_5,qa5a_5,IMPORTANT ISSUES PERS: UNEMPLOYMENT,,NA,0 = Not mentioned 1 = Mentioned 9 = Inap. (CY-TCC in isocntry),NA,NA,NA,X,,,standard,NA
ZA5876,5876,Eurobarometer 80.1,November,2013,qa5a_6,qa5a_6,IMPORTANT ISSUES PERS: TERRORISM,,NA,0 = Not mentioned 1 = Mentioned 9 = Inap. (CY-TCC in isocntry),NA,NA,NA,X,,,standard,NA
ZA5876,5876,Eurobarometer 80.1,November,2013,qa5a_7,qa5a_7,IMPORTANT ISSUES PERS: HOUSING,,NA,0 = Not mentioned 1 = Mentioned 9 = Inap. (CY-TCC in isocntry),NA,NA,NA,X,,,standard,NA
ZA5876,5876,Eurobarometer 80.1,November,2013,qa5a_8,qa5a_8,IMPORTANT ISSUES PERS: FINANCIAL SIT HH,,NA,0 = Not mentioned 1 = Mentioned 9 = Inap. (CY-TCC in isocntry),NA,NA,NA,X,,,standard,NA
ZA5876,5876,Eurobarometer 80.1,November,2013,qa5a_9,qa5a_9,IMPORTANT ISSUES PERS: IMMIGRATION,,NA,0 = Not mentioned 1 = Mentioned 9 = Inap. (CY-TCC in isocntry),NA,NA,NA,X,,,standard,NA
ZA5876,5876,Eurobarometer 80.1,November,2013,qa5a_10,qa5a_10,IMPORTANT ISSUES PERS: HEALTH & SOC SECURITY,,NA,0 = Not mentioned 1 = Mentioned 9 = Inap. (CY-TCC in isocntry),NA,NA,NA,X,,,standard,NA
ZA5876,5876,Eurobarometer 80.1,November,2013,qa5a_11,qa5a_11,IMPORTANT ISSUES PERS: EDUCATION SYSTEM,,NA,0 = Not mentioned 1 = Mentioned 9 = Inap. (CY-TCC in isocntry),NA,NA,NA,X,,,standard,NA
ZA5876,5876,Eurobarometer 80.1,November,2013,qa5a_12,qa5a_12,IMPORTANT ISSUES PERS: THE ENVIRONMENT,,NA,0 = Not mentioned 1 = Mentioned 9 = Inap. (CY-TCC in isocntry),NA,NA,NA,X,,,standard,NA
ZA5876,5876,Eurobarometer 80.1,November,2013,qa5a_13,qa5a_13,IMPORTANT ISSUES PERS: PENSIONS,,NA,0 = Not mentioned 1 = Mentioned 9 = Inap. (CY-TCC in isocntry),NA,NA,NA,X,,,standard,NA
ZA5876,5876,Eurobarometer 80.1,November,2013,qa5a_14,qa5a_14,IMPORTANT ISSUES PERS: OTHER (SPONT),,NA,0 = Not mentioned 1 = Mentioned 9 = Inap. (CY-TCC in isocntry),NA,NA,NA,X,,,standard,NA
ZA5876,5876,Eurobarometer 80.1,November,2013,qa5a_15,qa5a_15,IMPORTANT ISSUES PERS: NONE (SPONT),,NA,0 = Not mentioned 1 = Mentioned 9 = Inap. (CY-TCC in isocntry),NA,NA,NA,X,,,standard,NA
ZA5876,5876,Eurobarometer 80.1,November,2013,qa5a_16,qa5a_16,IMPORTANT ISSUES PERS: DK,,NA,0 = Not mentioned 1 = Mentioned 9 = Inap. (CY-TCC in isocntry),NA,NA,NA,X,,,standard,NA
ZA5876,5876,Eurobarometer 80.1,November,2013,qa4b_1,qa4b_1,IMPORTANT ISSUES TCC: CRIME,,NA,0 = Not mentioned 1 = Mentioned 9 = Inap. (not CY-TCC in isocntry),NA,NA,NA,X,,,standard,NA
ZA5876,5876,Eurobarometer 80.1,November,2013,qa4b_2,qa4b_2,IMPORTANT ISSUES TCC: ECONOMIC SITUATION,,NA,0 = Not mentioned 1 = Mentioned 9 = Inap. (not CY-TCC in isocntry),NA,NA,NA,X,,,standard,NA
ZA5876,5876,Eurobarometer 80.1,November,2013,qa4b_3,qa4b_3,IMPORTANT ISSUES TCC: RISING PRICES/INFLATION,,NA,0 = Not mentioned 1 = Mentioned 9 = Inap. (not CY-TCC in isocntry),NA,NA,NA,X,,,standard,NA
ZA5876,5876,Eurobarometer 80.1,November,2013,qa4b_4,qa4b_4,IMPORTANT ISSUES TCC: TAXATION,,NA,0 = Not mentioned 1 = Mentioned 9 = Inap. (not CY-TCC in isocntry),NA,NA,NA,X,,,standard,NA
ZA5876,5876,Eurobarometer 80.1,November,2013,qa4b_5,qa4b_5,IMPORTANT ISSUES TCC: UNEMPLOYMENT,,NA,0 = Not mentioned 1 = Mentioned 9 = Inap. (not CY-TCC in isocntry),NA,NA,NA,X,,,standard,NA
ZA5876,5876,Eurobarometer 80.1,November,2013,qa4b_6,qa4b_6,IMPORTANT ISSUES TCC: TERRORISM,,NA,0 = Not mentioned 1 = Mentioned 9 = Inap. (not CY-TCC in isocntry),NA,NA,NA,X,,,standard,NA
ZA5876,5876,Eurobarometer 80.1,November,2013,qa4b_7,qa4b_7,IMPORTANT ISSUES TCC: HOUSING,,NA,0 = Not mentioned 1 = Mentioned 9 = Inap. (not CY-TCC in isocntry),NA,NA,NA,X,,,standard,NA
ZA5876,5876,Eurobarometer 80.1,November,2013,qa4b_8,qa4b_8,IMPORTANT ISSUES TCC: CYPRUS ISSUE,,NA,0 = Not mentioned 1 = Mentioned 9 = Inap. (not CY-TCC in isocntry),NA,NA,NA,X,,,standard,NA
ZA5876,5876,Eurobarometer 80.1,November,2013,qa4b_9,qa4b_9,IMPORTANT ISSUES TCC: IMMIGRATION,,NA,0 = Not mentioned 1 = Mentioned 9 = Inap. (not CY-TCC in isocntry),NA,NA,NA,X,,,standard,NA
ZA5876,5876,Eurobarometer 80.1,November,2013,qa4b_10,qa4b_10,IMPORTANT ISSUES TCC: HEALTH & SOC SECURITY,,NA,0 = Not mentioned 1 = Mentioned 9 = Inap. (not CY-TCC in isocntry),NA,NA,NA,X,,,standard,NA
ZA5876,5876,Eurobarometer 80.1,November,2013,qa4b_11,qa4b_11,IMPORTANT ISSUES TCC: EDUCATION SYSTEM,,NA,0 = Not mentioned 1 = Mentioned 9 = Inap. (not CY-TCC in isocntry),NA,NA,NA,X,,,standard,NA
ZA5876,5876,Eurobarometer 80.1,November,2013,qa4b_12,qa4b_12,IMPORTANT ISSUES TCC: PENSIONS,,NA,0 = Not mentioned 1 = Mentioned 9 = Inap. (not CY-TCC in isocntry),NA,NA,NA,X,,,standard,NA
ZA5876,5876,Eurobarometer 80.1,November,2013,qa4b_13,qa4b_13,IMPORTANT ISSUES TCC: THE ENVIRONMENT,,NA,0 = Not mentioned 1 = Mentioned 9 = Inap. (not CY-TCC in isocntry),NA,NA,NA,X,,,standard,NA
ZA5876,5876,Eurobarometer 80.1,November,2013,qa4b_14,qa4b_14,IMPORTANT ISSUES TCC: OTHER (SPONT),,NA,0 = Not mentioned 1 = Mentioned 9 = Inap. (not CY-TCC in isocntry),NA,NA,NA,X,,,standard,NA
ZA5876,5876,Eurobarometer 80.1,November,2013,qa4b_15,qa4b_15,IMPORTANT ISSUES TCC: NONE (SPONT),,NA,0 = Not mentioned 1 = Mentioned (not coded) 9 = Inap. (not CY-TCC in isocntry),NA,NA,NA,X,,,standard,NA
ZA5876,5876,Eurobarometer 80.1,November,2013,qa4b_16,qa4b_16,IMPORTANT ISSUES TCC: DK,,NA,0 = Not mentioned 1 = Mentioned 9 = Inap. (not CY-TCC in isocntry),NA,NA,NA,X,,,standard,NA
ZA5876,5876,Eurobarometer 80.1,November,2013,qa5b_1,qa5b_1,IMPORTANT ISSUES PERS: CRIME,,NA,0 = Not mentioned 1 = Mentioned 9 = Inap. (not CY-TCC in isocntry),NA,NA,NA,X,,,standard,NA
ZA5876,5876,Eurobarometer 80.1,November,2013,qa5b_2,qa5b_2,IMPORTANT ISSUES PERS: ECONOMIC SITUATION,,NA,0 = Not mentioned 1 = Mentioned 9 = Inap. (not CY-TCC in isocntry),NA,NA,NA,X,,,standard,NA
ZA5876,5876,Eurobarometer 80.1,November,2013,qa5b_3,qa5b_3,IMPORTANT ISSUES PERS: RISING PRICES/INFLATION,,NA,0 = Not mentioned 1 = Mentioned 9 = Inap. (not CY-TCC in isocntry),NA,NA,NA,X,,,standard,NA
ZA5876,5876,Eurobarometer 80.1,November,2013,qa5b_4,qa5b_4,IMPORTANT ISSUES PERS: TAXATION,,NA,0 = Not mentioned 1 = Mentioned 9 = Inap. (not CY-TCC in isocntry),NA,NA,NA,X,,,standard,NA
ZA5876,5876,Eurobarometer 80.1,November,2013,qa5b_5,qa5b_5,IMPORTANT ISSUES PERS: UNEMPLOYMENT,,NA,0 = Not mentioned 1 = Mentioned 9 = Inap. (not CY-TCC in isocntry),NA,NA,NA,X,,,standard,NA
ZA5876,5876,Eurobarometer 80.1,November,2013,qa5b_6,qa5b_6,IMPORTANT ISSUES PERS: TERRORISM,,NA,0 = Not mentioned 1 = Mentioned 9 = Inap. (not CY-TCC in isocntry),NA,NA,NA,X,,,standard,NA
ZA5876,5876,Eurobarometer 80.1,November,2013,qa5b_7,qa5b_7,IMPORTANT ISSUES PERS: CYPRUS ISSUE,,NA,0 = Not mentioned 1 = Mentioned 9 = Inap. (not CY-TCC in isocntry),NA,NA,NA,X,,,standard,NA
ZA5876,5876,Eurobarometer 80.1,November,2013,qa5b_8,qa5b_8,IMPORTANT ISSUES PERS: HOUSING,,NA,0 = Not mentioned 1 = Mentioned 9 = Inap. (not CY-TCC in isocntry),NA,NA,NA,X,,,standard,NA
ZA5876,5876,Eurobarometer 80.1,November,2013,qa5b_9,qa5b_9,IMPORTANT ISSUES PERS: FINANCIAL SIT HH,,NA,0 = Not mentioned 1 = Mentioned 9 = Inap. (not CY-TCC in isocntry),NA,NA,NA,X,,,standard,NA
ZA5876,5876,Eurobarometer 80.1,November,2013,qa5b_10,qa5b_10,IMPORTANT ISSUES PERS: IMMIGRATION,,NA,0 = Not mentioned 1 = Mentioned 9 = Inap. (not CY-TCC in isocntry),NA,NA,NA,X,,,standard,NA
ZA5876,5876,Eurobarometer 80.1,November,2013,qa5b_11,qa5b_11,IMPORTANT ISSUES PERS: HEALTH & SOC SECURITY,,NA,0 = Not mentioned 1 = Mentioned 9 = Inap. (not CY-TCC in isocntry),NA,NA,NA,X,,,standard,NA
ZA5876,5876,Eurobarometer 80.1,November,2013,qa5b_12,qa5b_12,IMPORTANT ISSUES PERS: EDUCATION SYSTEM,,NA,0 = Not mentioned 1 = Mentioned 9 = Inap. (not CY-TCC in isocntry),NA,NA,NA,X,,,standard,NA
ZA5876,5876,Eurobarometer 80.1,November,2013,qa5b_13,qa5b_13,IMPORTANT ISSUES PERS: THE ENVIRONMENT,,NA,0 = Not mentioned 1 = Mentioned 9 = Inap. (not CY-TCC in isocntry),NA,NA,NA,X,,,standard,NA
ZA5876,5876,Eurobarometer 80.1,November,2013,qa5b_14,qa5b_14,IMPORTANT ISSUES PERS: PENSIONS,,NA,0 = Not mentioned 1 = Mentioned 9 = Inap. (not CY-TCC in isocntry),NA,NA,NA,X,,,standard,NA
ZA5876,5876,Eurobarometer 80.1,November,2013,qa5b_15,qa5b_15,IMPORTANT ISSUES PERS: OTHER (SPONT),,NA,0 = Not mentioned 1 = Mentioned 9 = Inap. (not CY-TCC in isocntry),NA,NA,NA,X,,,standard,NA
ZA5876,5876,Eurobarometer 80.1,November,2013,qa5b_16,qa5b_16,IMPORTANT ISSUES PERS: NONE (SPONT),,NA,0 = Not mentioned 1 = Mentioned 9 = Inap. (not CY-TCC in isocntry),NA,NA,NA,X,,,standard,NA
ZA5876,5876,Eurobarometer 80.1,November,2013,qa5b_17,qa5b_17,IMPORTANT ISSUES PERS: DK,,NA,0 = Not mentioned 1 = Mentioned 9 = Inap. (not CY-TCC in isocntry),NA,NA,NA,X,,,standard,NA
ZA5876,5876,Eurobarometer 80.1,November,2013,qa6_1,qa6_1,IMPORTANT ISSUES EU: CRIME,,NA,0 = Not mentioned 1 = Mentioned 9 = Inap. not EU28 (coded 0 in eu28),NA,NA,NA,X,,,standard,NA
ZA5876,5876,Eurobarometer 80.1,November,2013,qa6_2,qa6_2,IMPORTANT ISSUES EU: ECONOMIC SITUATION,,NA,0 = Not mentioned 1 = Mentioned 9 = Inap. not EU28 (coded 0 in eu28),NA,NA,NA,X,,,standard,NA
ZA5876,5876,Eurobarometer 80.1,November,2013,qa6_3,qa6_3,IMPORTANT ISSUES EU: RISING PRICES/INFLATION,,NA,0 = Not mentioned 1 = Mentioned 9 = Inap. not EU28 (coded 0 in eu28),NA,NA,NA,X,,,standard,NA
ZA5876,5876,Eurobarometer 80.1,November,2013,qa6_4,qa6_4,IMPORTANT ISSUES EU: TAXATION,,NA,0 = Not mentioned 1 = Mentioned 9 = Inap. not EU28 (coded 0 in eu28),NA,NA,NA,X,,,standard,NA
ZA5876,5876,Eurobarometer 80.1,November,2013,qa6_5,qa6_5,IMPORTANT ISSUES EU: UNEMPLOYMENT,,NA,0 = Not mentioned 1 = Mentioned 9 = Inap. not EU28 (coded 0 in eu28),NA,NA,NA,X,,,standard,NA
ZA5876,5876,Eurobarometer 80.1,November,2013,qa6_6,qa6_6,IMPORTANT ISSUES EU: TERRORISM,,NA,0 = Not mentioned 1 = Mentioned 9 = Inap. not EU28 (coded 0 in eu28),NA,NA,NA,X,,,standard,NA
ZA5876,5876,Eurobarometer 80.1,November,2013,qa6_7,qa6_7,IMPORTANT ISSUES EU: INFLUENCE IN THE WORLD,,NA,0 = Not mentioned 1 = Mentioned 9 = Inap. not EU28 (coded 0 in eu28),NA,NA,NA,X,,,standard,NA
ZA5876,5876,Eurobarometer 80.1,November,2013,qa6_8,qa6_8,IMPORTANT ISSUES EU: MEMBER FINANCES,,NA,0 = Not mentioned 1 = Mentioned 9 = Inap. not EU28 (coded 0 in eu28),NA,NA,NA,X,,,standard,NA
ZA5876,5876,Eurobarometer 80.1,November,2013,qa6_9,qa6_9,IMPORTANT ISSUES EU: IMMIGRATION,,NA,0 = Not mentioned 1 = Mentioned 9 = Inap. not EU28 (coded 0 in eu28),NA,NA,NA,X,,,standard,NA
ZA5876,5876,Eurobarometer 80.1,November,2013,qa6_10,qa6_10,IMPORTANT ISSUES EU: PENSIONS,,NA,0 = Not mentioned 1 = Mentioned 9 = Inap. not EU28 (coded 0 in eu28),NA,NA,NA,X,,,standard,NA
ZA5876,5876,Eurobarometer 80.1,November,2013,qa6_11,qa6_11,IMPORTANT ISSUES EU: THE ENVIRONMENT,,NA,0 = Not mentioned 1 = Mentioned 9 = Inap. not EU28 (coded 0 in eu28),NA,NA,NA,X,,,standard,NA
ZA5876,5876,Eurobarometer 80.1,November,2013,qa6_12,qa6_12,IMPORTANT ISSUES EU: ENERGY SUPPLY,,NA,0 = Not mentioned 1 = Mentioned 9 = Inap. not EU28 (coded 0 in eu28),NA,NA,NA,X,,,standard,NA
ZA5876,5876,Eurobarometer 80.1,November,2013,qa6_13,qa6_13,IMPORTANT ISSUES EU: CLIMATE CHANGE,,NA,0 = Not mentioned 1 = Mentioned 9 = Inap. not EU28 (coded 0 in eu28),NA,NA,NA,X,,,standard,NA
ZA5876,5876,Eurobarometer 80.1,November,2013,qa6_14,qa6_14,IMPORTANT ISSUES EU: OTHER (SPONT),,NA,0 = Not mentioned 1 = Mentioned 9 = Inap. not EU28 (coded 0 in eu28),NA,NA,NA,X,,,standard,NA
ZA5876,5876,Eurobarometer 80.1,November,2013,qa6_15,qa6_15,IMPORTANT ISSUES EU: NONE (SPONT),,NA,0 = Not mentioned 1 = Mentioned 9 = Inap. not EU28 (coded 0 in eu28),NA,NA,NA,X,,,standard,NA
ZA5876,5876,Eurobarometer 80.1,November,2013,qa6_16,qa6_16,IMPORTANT ISSUES EU: DK,,NA,0 = Not mentioned 1 = Mentioned 9 = Inap. not EU28 (coded 0 in eu28),NA,NA,NA,X,,,standard,NA
ZA5913,5913,Eurobarometer 81.2,March,2014,isocntry,isocntry,COUNTRY CODE - ISO 3166,,isocntry, = BE  = DK  = GR  = ES  = FI  = FR  = IE  = IT  = LU  = NL  = AT  = PT  = SE  = DE-W  = DE-E  = GB-GBN  = GB-NIR  = BG  = CY  = CZ  = EE  = HU  = LV  = LT  = MT  = PL  = RO  = SK  = SI  = HR,NA,NA,NA,,X,,subset,NA
ZA5913,5913,Eurobarometer 81.2,March,2014,qa4_1,qa4_1,IMPORTANT ISSUES CNTRY: CRIME,,NA,0 = Not mentioned 1 = Mentioned,NA,NA,NA,,X,,subset,NA
ZA5913,5913,Eurobarometer 81.2,March,2014,qa4_2,qa4_2,IMPORTANT ISSUES CNTRY: ECONOMIC SITUATION,,NA,0 = Not mentioned 1 = Mentioned,NA,NA,NA,,X,,subset,NA
ZA5913,5913,Eurobarometer 81.2,March,2014,qa4_3,qa4_3,IMPORTANT ISSUES CNTRY: RISING PRICES/INFLATION,,NA,0 = Not mentioned 1 = Mentioned,NA,NA,NA,,X,,subset,NA
ZA5913,5913,Eurobarometer 81.2,March,2014,qa4_4,qa4_4,IMPORTANT ISSUES CNTRY: TAXATION,,NA,0 = Not mentioned 1 = Mentioned,NA,NA,NA,,X,,subset,NA
ZA5913,5913,Eurobarometer 81.2,March,2014,qa4_5,qa4_5,IMPORTANT ISSUES CNTRY: UNEMPLOYMENT,,NA,0 = Not mentioned 1 = Mentioned,NA,NA,NA,,X,,subset,NA
ZA5913,5913,Eurobarometer 81.2,March,2014,qa4_6,qa4_6,IMPORTANT ISSUES CNTRY: TERRORISM,,NA,0 = Not mentioned 1 = Mentioned,NA,NA,NA,,X,,subset,NA
ZA5913,5913,Eurobarometer 81.2,March,2014,qa4_7,qa4_7,IMPORTANT ISSUES CNTRY: HOUSING,,NA,0 = Not mentioned 1 = Mentioned,NA,NA,NA,,X,,subset,NA
ZA5913,5913,Eurobarometer 81.2,March,2014,qa4_8,qa4_8,IMPORTANT ISSUES CNTRY: GOVERNMENT DEBT,,NA,0 = Not mentioned 1 = Mentioned,NA,NA,NA,,X,,subset,NA
ZA5913,5913,Eurobarometer 81.2,March,2014,qa4_9,qa4_9,IMPORTANT ISSUES CNTRY: IMMIGRATION,,NA,0 = Not mentioned 1 = Mentioned,NA,NA,NA,,X,,subset,NA
ZA5913,5913,Eurobarometer 81.2,March,2014,qa4_10,qa4_10,IMPORTANT ISSUES CNTRY: HEALTH & SOC SECURITY,,NA,0 = Not mentioned 1 = Mentioned,NA,NA,NA,,X,,subset,NA
ZA5913,5913,Eurobarometer 81.2,March,2014,qa4_11,qa4_11,IMPORTANT ISSUES CNTRY: EDUCATION SYSTEM,,NA,0 = Not mentioned 1 = Mentioned,NA,NA,NA,,X,,subset,NA
ZA5913,5913,Eurobarometer 81.2,March,2014,qa4_12,qa4_12,IMPORTANT ISSUES CNTRY: PENSIONS,,NA,0 = Not mentioned 1 = Mentioned,NA,NA,NA,,X,,subset,NA
ZA5913,5913,Eurobarometer 81.2,March,2014,qa4_13,qa4_13,IMPORTANT ISSUES CNTRY: THE ENVIRONMENT,,NA,0 = Not mentioned 1 = Mentioned,NA,NA,NA,,X,,subset,NA
ZA5913,5913,Eurobarometer 81.2,March,2014,qa4_14,qa4_14,IMPORTANT ISSUES CNTRY: OTHER (SPONT),,NA,0 = Not mentioned 1 = Mentioned,NA,NA,NA,,X,,subset,NA
ZA5913,5913,Eurobarometer 81.2,March,2014,qa4_15,qa4_15,IMPORTANT ISSUES CNTRY: NONE (SPONT),,NA,0 = Not mentioned 1 = Mentioned,NA,NA,NA,,X,,subset,NA
ZA5913,5913,Eurobarometer 81.2,March,2014,qa4_16,qa4_16,IMPORTANT ISSUES CNTRY: DK,,NA,0 = Not mentioned 1 = Mentioned,NA,NA,NA,,X,,subset,NA
ZA5913,5913,Eurobarometer 81.2,March,2014,qa5_1,qa5_1,IMPORTANT ISSUES PERS: CRIME,,NA,0 = Not mentioned 1 = Mentioned,NA,NA,NA,,X,,subset,NA
ZA5913,5913,Eurobarometer 81.2,March,2014,qa5_2,qa5_2,IMPORTANT ISSUES PERS: ECONOMIC SITUATION,,NA,0 = Not mentioned 1 = Mentioned,NA,NA,NA,,X,,subset,NA
ZA5913,5913,Eurobarometer 81.2,March,2014,qa5_3,qa5_3,IMPORTANT ISSUES PERS: RISING PRICES/INFLATION,,NA,0 = Not mentioned 1 = Mentioned,NA,NA,NA,,X,,subset,NA
ZA5913,5913,Eurobarometer 81.2,March,2014,qa5_4,qa5_4,IMPORTANT ISSUES PERS: TAXATION,,NA,0 = Not mentioned 1 = Mentioned,NA,NA,NA,,X,,subset,NA
ZA5913,5913,Eurobarometer 81.2,March,2014,qa5_5,qa5_5,IMPORTANT ISSUES PERS: UNEMPLOYMENT,,NA,0 = Not mentioned 1 = Mentioned,NA,NA,NA,,X,,subset,NA
ZA5913,5913,Eurobarometer 81.2,March,2014,qa5_6,qa5_6,IMPORTANT ISSUES PERS: TERRORISM,,NA,0 = Not mentioned 1 = Mentioned,NA,NA,NA,,X,,subset,NA
ZA5913,5913,Eurobarometer 81.2,March,2014,qa5_7,qa5_7,IMPORTANT ISSUES PERS: HOUSING,,NA,0 = Not mentioned 1 = Mentioned,NA,NA,NA,,X,,subset,NA
ZA5913,5913,Eurobarometer 81.2,March,2014,qa5_8,qa5_8,IMPORTANT ISSUES PERS: FINANCIAL SIT HH,,NA,0 = Not mentioned 1 = Mentioned,NA,NA,NA,,X,,subset,NA
ZA5913,5913,Eurobarometer 81.2,March,2014,qa5_9,qa5_9,IMPORTANT ISSUES PERS: IMMIGRATION,,NA,0 = Not mentioned 1 = Mentioned,NA,NA,NA,,X,,subset,NA
ZA5913,5913,Eurobarometer 81.2,March,2014,qa5_10,qa5_10,IMPORTANT ISSUES PERS: HEALTH & SOC SECURITY,,NA,0 = Not mentioned 1 = Mentioned,NA,NA,NA,,X,,subset,NA
ZA5913,5913,Eurobarometer 81.2,March,2014,qa5_11,qa5_11,IMPORTANT ISSUES PERS: EDUCATION SYSTEM,,NA,0 = Not mentioned 1 = Mentioned,NA,NA,NA,,X,,subset,NA
ZA5913,5913,Eurobarometer 81.2,March,2014,qa5_12,qa5_12,IMPORTANT ISSUES PERS: THE ENVIRONMENT,,NA,0 = Not mentioned 1 = Mentioned,NA,NA,NA,,X,,subset,NA
ZA5913,5913,Eurobarometer 81.2,March,2014,qa5_13,qa5_13,IMPORTANT ISSUES PERS: PENSIONS,,NA,0 = Not mentioned 1 = Mentioned,NA,NA,NA,,X,,subset,NA
ZA5913,5913,Eurobarometer 81.2,March,2014,qa5_14,qa5_14,IMPORTANT ISSUES PERS: OTHER (SPONT),,NA,0 = Not mentioned 1 = Mentioned,NA,NA,NA,,X,,subset,NA
ZA5913,5913,Eurobarometer 81.2,March,2014,qa5_15,qa5_15,IMPORTANT ISSUES PERS: NONE (SPONT),,NA,0 = Not mentioned 1 = Mentioned,NA,NA,NA,,X,,subset,NA
ZA5913,5913,Eurobarometer 81.2,March,2014,qa5_16,qa5_16,IMPORTANT ISSUES PERS: DK,,NA,0 = Not mentioned 1 = Mentioned,NA,NA,NA,,X,,subset,NA
ZA5913,5913,Eurobarometer 81.2,March,2014,qa6_1,qa6_1,IMPORTANT ISSUES EU: CRIME,,NA,0 = Not mentioned 1 = Mentioned,NA,NA,NA,,X,,subset,NA
ZA5913,5913,Eurobarometer 81.2,March,2014,qa6_2,qa6_2,IMPORTANT ISSUES EU: ECONOMIC SITUATION,,NA,0 = Not mentioned 1 = Mentioned,NA,NA,NA,,X,,subset,NA
ZA5913,5913,Eurobarometer 81.2,March,2014,qa6_3,qa6_3,IMPORTANT ISSUES EU: RISING PRICES/INFLATION,,NA,0 = Not mentioned 1 = Mentioned,NA,NA,NA,,X,,subset,NA
ZA5913,5913,Eurobarometer 81.2,March,2014,qa6_4,qa6_4,IMPORTANT ISSUES EU: TAXATION,,NA,0 = Not mentioned 1 = Mentioned,NA,NA,NA,,X,,subset,NA
ZA5913,5913,Eurobarometer 81.2,March,2014,qa6_5,qa6_5,IMPORTANT ISSUES EU: UNEMPLOYMENT,,NA,0 = Not mentioned 1 = Mentioned,NA,NA,NA,,X,,subset,NA
ZA5913,5913,Eurobarometer 81.2,March,2014,qa6_6,qa6_6,IMPORTANT ISSUES EU: TERRORISM,,NA,0 = Not mentioned 1 = Mentioned,NA,NA,NA,,X,,subset,NA
ZA5913,5913,Eurobarometer 81.2,March,2014,qa6_7,qa6_7,IMPORTANT ISSUES EU: INFLUENCE IN THE WORLD,,NA,0 = Not mentioned 1 = Mentioned,NA,NA,NA,,X,,subset,NA
ZA5913,5913,Eurobarometer 81.2,March,2014,qa6_8,qa6_8,IMPORTANT ISSUES EU: MEMBER FINANCES,,NA,0 = Not mentioned 1 = Mentioned,NA,NA,NA,,X,,subset,NA
ZA5913,5913,Eurobarometer 81.2,March,2014,qa6_9,qa6_9,IMPORTANT ISSUES EU: IMMIGRATION,,NA,0 = Not mentioned 1 = Mentioned,NA,NA,NA,,X,,subset,NA
ZA5913,5913,Eurobarometer 81.2,March,2014,qa6_10,qa6_10,IMPORTANT ISSUES EU: PENSIONS,,NA,0 = Not mentioned 1 = Mentioned,NA,NA,NA,,X,,subset,NA
ZA5913,5913,Eurobarometer 81.2,March,2014,qa6_11,qa6_11,IMPORTANT ISSUES EU: THE ENVIRONMENT,,NA,0 = Not mentioned 1 = Mentioned,NA,NA,NA,,X,,subset,NA
ZA5913,5913,Eurobarometer 81.2,March,2014,qa6_12,qa6_12,IMPORTANT ISSUES EU: ENERGY SUPPLY,,NA,0 = Not mentioned 1 = Mentioned,NA,NA,NA,,X,,subset,NA
ZA5913,5913,Eurobarometer 81.2,March,2014,qa6_13,qa6_13,IMPORTANT ISSUES EU: CLIMATE CHANGE,,NA,0 = Not mentioned 1 = Mentioned,NA,NA,NA,,X,,subset,NA
ZA5913,5913,Eurobarometer 81.2,March,2014,qa6_14,qa6_14,IMPORTANT ISSUES EU: OTHER (SPONT),,NA,0 = Not mentioned 1 = Mentioned,NA,NA,NA,,X,,subset,NA
ZA5913,5913,Eurobarometer 81.2,March,2014,qa6_15,qa6_15,IMPORTANT ISSUES EU: NONE (SPONT),,NA,0 = Not mentioned 1 = Mentioned,NA,NA,NA,,X,,subset,NA
ZA5913,5913,Eurobarometer 81.2,March,2014,qa6_16,qa6_16,IMPORTANT ISSUES EU: DK,,NA,0 = Not mentioned 1 = Mentioned,NA,NA,NA,,X,,subset,NA
ZA5928,5928,Eurobarometer 81.4,May-June,2014,isocntry,isocntry,COUNTRY CODE - ISO 3166,,isocntry, = BE  = DK  = GR  = ES  = FI  = FR  = IE  = IT  = LU  = NL  = AT  = PT  = SE  = DE-W  = DE-E  = GB-GBN  = GB-NIR  = BG  = CY  = CZ  = EE  = HU  = LV  = LT  = MT  = PL  = RO  = SK  = SI  = TR  = IS  = HR  = CY-TCC  = MK  = ME  = RS,NA,NA,NA,X,,,standard,NA
ZA5928,5928,Eurobarometer 81.4,May-June,2014,qa4a_1,qa4a_1,IMPORTANT ISSUES CNTRY: CRIME,,NA,0 = Not mentioned 1 = Mentioned 9 = Inap. (CY-TCC in isocntry),NA,NA,NA,X,,,standard,NA
ZA5928,5928,Eurobarometer 81.4,May-June,2014,qa4a_2,qa4a_2,IMPORTANT ISSUES CNTRY: ECONOMIC SITUATION,,NA,0 = Not mentioned 1 = Mentioned 9 = Inap. (CY-TCC in isocntry),NA,NA,NA,X,,,standard,NA
ZA5928,5928,Eurobarometer 81.4,May-June,2014,qa4a_3,qa4a_3,IMPORTANT ISSUES CNTRY: RISING PRICES/INFLATION,,NA,0 = Not mentioned 1 = Mentioned 9 = Inap. (CY-TCC in isocntry),NA,NA,NA,X,,,standard,NA
ZA5928,5928,Eurobarometer 81.4,May-June,2014,qa4a_4,qa4a_4,IMPORTANT ISSUES CNTRY: TAXATION,,NA,0 = Not mentioned 1 = Mentioned 9 = Inap. (CY-TCC in isocntry),NA,NA,NA,X,,,standard,NA
ZA5928,5928,Eurobarometer 81.4,May-June,2014,qa4a_5,qa4a_5,IMPORTANT ISSUES CNTRY: UNEMPLOYMENT,,NA,0 = Not mentioned 1 = Mentioned 9 = Inap. (CY-TCC in isocntry),NA,NA,NA,X,,,standard,NA
ZA5928,5928,Eurobarometer 81.4,May-June,2014,qa4a_6,qa4a_6,IMPORTANT ISSUES CNTRY: TERRORISM,,NA,0 = Not mentioned 1 = Mentioned 9 = Inap. (CY-TCC in isocntry),NA,NA,NA,X,,,standard,NA
ZA5928,5928,Eurobarometer 81.4,May-June,2014,qa4a_7,qa4a_7,IMPORTANT ISSUES CNTRY: HOUSING,,NA,0 = Not mentioned 1 = Mentioned 9 = Inap. (CY-TCC in isocntry),NA,NA,NA,X,,,standard,NA
ZA5928,5928,Eurobarometer 81.4,May-June,2014,qa4a_8,qa4a_8,IMPORTANT ISSUES CNTRY: GOVERNMENT DEBT,,NA,0 = Not mentioned 1 = Mentioned 9 = Inap. (CY-TCC in isocntry),NA,NA,NA,X,,,standard,NA
ZA5928,5928,Eurobarometer 81.4,May-June,2014,qa4a_9,qa4a_9,IMPORTANT ISSUES CNTRY: IMMIGRATION,,NA,0 = Not mentioned 1 = Mentioned 9 = Inap. (CY-TCC in isocntry),NA,NA,NA,X,,,standard,NA
ZA5928,5928,Eurobarometer 81.4,May-June,2014,qa4a_10,qa4a_10,IMPORTANT ISSUES CNTRY: HEALTH & SOC SECURITY,,NA,0 = Not mentioned 1 = Mentioned 9 = Inap. (CY-TCC in isocntry),NA,NA,NA,X,,,standard,NA
ZA5928,5928,Eurobarometer 81.4,May-June,2014,qa4a_11,qa4a_11,IMPORTANT ISSUES CNTRY: EDUCATION SYSTEM,,NA,0 = Not mentioned 1 = Mentioned 9 = Inap. (CY-TCC in isocntry),NA,NA,NA,X,,,standard,NA
ZA5928,5928,Eurobarometer 81.4,May-June,2014,qa4a_12,qa4a_12,IMPORTANT ISSUES CNTRY: PENSIONS,,NA,0 = Not mentioned 1 = Mentioned 9 = Inap. (CY-TCC in isocntry),NA,NA,NA,X,,,standard,NA
ZA5928,5928,Eurobarometer 81.4,May-June,2014,qa4a_13,qa4a_13,IMPORTANT ISSUES CNTRY: THE ENVIRONMENT,,NA,0 = Not mentioned 1 = Mentioned 9 = Inap. (CY-TCC in isocntry),NA,NA,NA,X,,,standard,NA
ZA5928,5928,Eurobarometer 81.4,May-June,2014,qa4a_14,qa4a_14,IMPORTANT ISSUES CNTRY: OTHER (SPONT),,NA,0 = Not mentioned 1 = Mentioned 9 = Inap. (CY-TCC in isocntry),NA,NA,NA,X,,,standard,NA
ZA5928,5928,Eurobarometer 81.4,May-June,2014,qa4a_15,qa4a_15,IMPORTANT ISSUES CNTRY: NONE (SPONT),,NA,0 = Not mentioned 1 = Mentioned 9 = Inap. (CY-TCC in isocntry),NA,NA,NA,X,,,standard,NA
ZA5928,5928,Eurobarometer 81.4,May-June,2014,qa4a_16,qa4a_16,IMPORTANT ISSUES CNTRY: DK,,NA,0 = Not mentioned 1 = Mentioned 9 = Inap. (CY-TCC in isocntry),NA,NA,NA,X,,,standard,NA
ZA5928,5928,Eurobarometer 81.4,May-June,2014,qa5a_1,qa5a_1,IMPORTANT ISSUES PERS: CRIME,,NA,0 = Not mentioned 1 = Mentioned 9 = Inap. (CY-TCC in isocntry),NA,NA,NA,X,,,standard,NA
ZA5928,5928,Eurobarometer 81.4,May-June,2014,qa5a_2,qa5a_2,IMPORTANT ISSUES PERS: ECONOMIC SITUATION,,NA,0 = Not mentioned 1 = Mentioned 9 = Inap. (CY-TCC in isocntry),NA,NA,NA,X,,,standard,NA
ZA5928,5928,Eurobarometer 81.4,May-June,2014,qa5a_3,qa5a_3,IMPORTANT ISSUES PERS: RISING PRICES/INFLATION,,NA,0 = Not mentioned 1 = Mentioned 9 = Inap. (CY-TCC in isocntry),NA,NA,NA,X,,,standard,NA
ZA5928,5928,Eurobarometer 81.4,May-June,2014,qa5a_4,qa5a_4,IMPORTANT ISSUES PERS: TAXATION,,NA,0 = Not mentioned 1 = Mentioned 9 = Inap. (CY-TCC in isocntry),NA,NA,NA,X,,,standard,NA
ZA5928,5928,Eurobarometer 81.4,May-June,2014,qa5a_5,qa5a_5,IMPORTANT ISSUES PERS: UNEMPLOYMENT,,NA,0 = Not mentioned 1 = Mentioned 9 = Inap. (CY-TCC in isocntry),NA,NA,NA,X,,,standard,NA
ZA5928,5928,Eurobarometer 81.4,May-June,2014,qa5a_6,qa5a_6,IMPORTANT ISSUES PERS: TERRORISM,,NA,0 = Not mentioned 1 = Mentioned 9 = Inap. (CY-TCC in isocntry),NA,NA,NA,X,,,standard,NA
ZA5928,5928,Eurobarometer 81.4,May-June,2014,qa5a_7,qa5a_7,IMPORTANT ISSUES PERS: HOUSING,,NA,0 = Not mentioned 1 = Mentioned 9 = Inap. (CY-TCC in isocntry),NA,NA,NA,X,,,standard,NA
ZA5928,5928,Eurobarometer 81.4,May-June,2014,qa5a_8,qa5a_8,IMPORTANT ISSUES PERS: FINANCIAL SIT HH,,NA,0 = Not mentioned 1 = Mentioned 9 = Inap. (CY-TCC in isocntry),NA,NA,NA,X,,,standard,NA
ZA5928,5928,Eurobarometer 81.4,May-June,2014,qa5a_9,qa5a_9,IMPORTANT ISSUES PERS: IMMIGRATION,,NA,0 = Not mentioned 1 = Mentioned 9 = Inap. (CY-TCC in isocntry),NA,NA,NA,X,,,standard,NA
ZA5928,5928,Eurobarometer 81.4,May-June,2014,qa5a_10,qa5a_10,IMPORTANT ISSUES PERS: HEALTH & SOC SECURITY,,NA,0 = Not mentioned 1 = Mentioned 9 = Inap. (CY-TCC in isocntry),NA,NA,NA,X,,,standard,NA
ZA5928,5928,Eurobarometer 81.4,May-June,2014,qa5a_11,qa5a_11,IMPORTANT ISSUES PERS: EDUCATION SYSTEM,,NA,0 = Not mentioned 1 = Mentioned 9 = Inap. (CY-TCC in isocntry),NA,NA,NA,X,,,standard,NA
ZA5928,5928,Eurobarometer 81.4,May-June,2014,qa5a_12,qa5a_12,IMPORTANT ISSUES PERS: THE ENVIRONMENT,,NA,0 = Not mentioned 1 = Mentioned 9 = Inap. (CY-TCC in isocntry),NA,NA,NA,X,,,standard,NA
ZA5928,5928,Eurobarometer 81.4,May-June,2014,qa5a_13,qa5a_13,IMPORTANT ISSUES PERS: PENSIONS,,NA,0 = Not mentioned 1 = Mentioned 9 = Inap. (CY-TCC in isocntry),NA,NA,NA,X,,,standard,NA
ZA5928,5928,Eurobarometer 81.4,May-June,2014,qa5a_14,qa5a_14,IMPORTANT ISSUES PERS: OTHER (SPONT),,NA,0 = Not mentioned 1 = Mentioned 9 = Inap. (CY-TCC in isocntry),NA,NA,NA,X,,,standard,NA
ZA5928,5928,Eurobarometer 81.4,May-June,2014,qa5a_15,qa5a_15,IMPORTANT ISSUES PERS: NONE (SPONT),,NA,0 = Not mentioned 1 = Mentioned 9 = Inap. (CY-TCC in isocntry),NA,NA,NA,X,,,standard,NA
ZA5928,5928,Eurobarometer 81.4,May-June,2014,qa5a_16,qa5a_16,IMPORTANT ISSUES PERS: DK,,NA,0 = Not mentioned 1 = Mentioned 9 = Inap. (CY-TCC in isocntry),NA,NA,NA,X,,,standard,NA
ZA5928,5928,Eurobarometer 81.4,May-June,2014,qa4b_1,qa4b_1,IMPORTANT ISSUES TCC: CRIME,,NA,0 = Not mentioned 1 = Mentioned 9 = Inap. (not CY-TCC in isocntry),NA,NA,NA,X,,,standard,NA
ZA5928,5928,Eurobarometer 81.4,May-June,2014,qa4b_2,qa4b_2,IMPORTANT ISSUES TCC: ECONOMIC SITUATION,,NA,0 = Not mentioned 1 = Mentioned 9 = Inap. (not CY-TCC in isocntry),NA,NA,NA,X,,,standard,NA
ZA5928,5928,Eurobarometer 81.4,May-June,2014,qa4b_3,qa4b_3,IMPORTANT ISSUES TCC: RISING PRICES/INFLATION,,NA,0 = Not mentioned 1 = Mentioned 9 = Inap. (not CY-TCC in isocntry),NA,NA,NA,X,,,standard,NA
ZA5928,5928,Eurobarometer 81.4,May-June,2014,qa4b_4,qa4b_4,IMPORTANT ISSUES TCC: TAXATION,,NA,0 = Not mentioned 1 = Mentioned 9 = Inap. (not CY-TCC in isocntry),NA,NA,NA,X,,,standard,NA
ZA5928,5928,Eurobarometer 81.4,May-June,2014,qa4b_5,qa4b_5,IMPORTANT ISSUES TCC: UNEMPLOYMENT,,NA,0 = Not mentioned 1 = Mentioned 9 = Inap. (not CY-TCC in isocntry),NA,NA,NA,X,,,standard,NA
ZA5928,5928,Eurobarometer 81.4,May-June,2014,qa4b_6,qa4b_6,IMPORTANT ISSUES TCC: TERRORISM,,NA,0 = Not mentioned 1 = Mentioned 9 = Inap. (not CY-TCC in isocntry),NA,NA,NA,X,,,standard,NA
ZA5928,5928,Eurobarometer 81.4,May-June,2014,qa4b_7,qa4b_7,IMPORTANT ISSUES TCC: HOUSING,,NA,0 = Not mentioned 1 = Mentioned 9 = Inap. (not CY-TCC in isocntry),NA,NA,NA,X,,,standard,NA
ZA5928,5928,Eurobarometer 81.4,May-June,2014,qa4b_8,qa4b_8,IMPORTANT ISSUES TCC: CYPRUS ISSUE,,NA,0 = Not mentioned 1 = Mentioned 9 = Inap. (not CY-TCC in isocntry),NA,NA,NA,X,,,standard,NA
ZA5928,5928,Eurobarometer 81.4,May-June,2014,qa4b_9,qa4b_9,IMPORTANT ISSUES TCC: IMMIGRATION,,NA,0 = Not mentioned 1 = Mentioned 9 = Inap. (not CY-TCC in isocntry),NA,NA,NA,X,,,standard,NA
ZA5928,5928,Eurobarometer 81.4,May-June,2014,qa4b_10,qa4b_10,IMPORTANT ISSUES TCC: HEALTH & SOC SECURITY,,NA,0 = Not mentioned 1 = Mentioned 9 = Inap. (not CY-TCC in isocntry),NA,NA,NA,X,,,standard,NA
ZA5928,5928,Eurobarometer 81.4,May-June,2014,qa4b_11,qa4b_11,IMPORTANT ISSUES TCC: EDUCATION SYSTEM,,NA,0 = Not mentioned 1 = Mentioned 9 = Inap. (not CY-TCC in isocntry),NA,NA,NA,X,,,standard,NA
ZA5928,5928,Eurobarometer 81.4,May-June,2014,qa4b_12,qa4b_12,IMPORTANT ISSUES TCC: PENSIONS,,NA,0 = Not mentioned 1 = Mentioned 9 = Inap. (not CY-TCC in isocntry),NA,NA,NA,X,,,standard,NA
ZA5928,5928,Eurobarometer 81.4,May-June,2014,qa4b_13,qa4b_13,IMPORTANT ISSUES TCC: THE ENVIRONMENT,,NA,0 = Not mentioned 1 = Mentioned 9 = Inap. (not CY-TCC in isocntry),NA,NA,NA,X,,,standard,NA
ZA5928,5928,Eurobarometer 81.4,May-June,2014,qa4b_14,qa4b_14,IMPORTANT ISSUES TCC: OTHER (SPONT),,NA,0 = Not mentioned 1 = Mentioned (not coded) 9 = Inap. (not CY-TCC in isocntry),NA,NA,NA,X,,,standard,NA
ZA5928,5928,Eurobarometer 81.4,May-June,2014,qa4b_15,qa4b_15,IMPORTANT ISSUES TCC: NONE (SPONT),,NA,0 = Not mentioned 1 = Mentioned (not coded) 9 = Inap. (not CY-TCC in isocntry),NA,NA,NA,X,,,standard,NA
ZA5928,5928,Eurobarometer 81.4,May-June,2014,qa4b_16,qa4b_16,IMPORTANT ISSUES TCC: DK,,NA,0 = Not mentioned 1 = Mentioned 9 = Inap. (not CY-TCC in isocntry),NA,NA,NA,X,,,standard,NA
ZA5928,5928,Eurobarometer 81.4,May-June,2014,qa5b_1,qa5b_1,IMPORTANT ISSUES PERS: CRIME,,NA,0 = Not mentioned 1 = Mentioned 9 = Inap. (not CY-TCC in isocntry),NA,NA,NA,X,,,standard,NA
ZA5928,5928,Eurobarometer 81.4,May-June,2014,qa5b_2,qa5b_2,IMPORTANT ISSUES PERS: ECONOMIC SITUATION,,NA,0 = Not mentioned 1 = Mentioned 9 = Inap. (not CY-TCC in isocntry),NA,NA,NA,X,,,standard,NA
ZA5928,5928,Eurobarometer 81.4,May-June,2014,qa5b_3,qa5b_3,IMPORTANT ISSUES PERS: RISING PRICES/INFLATION,,NA,0 = Not mentioned 1 = Mentioned 9 = Inap. (not CY-TCC in isocntry),NA,NA,NA,X,,,standard,NA
ZA5928,5928,Eurobarometer 81.4,May-June,2014,qa5b_4,qa5b_4,IMPORTANT ISSUES PERS: TAXATION,,NA,0 = Not mentioned 1 = Mentioned 9 = Inap. (not CY-TCC in isocntry),NA,NA,NA,X,,,standard,NA
ZA5928,5928,Eurobarometer 81.4,May-June,2014,qa5b_5,qa5b_5,IMPORTANT ISSUES PERS: UNEMPLOYMENT,,NA,0 = Not mentioned 1 = Mentioned 9 = Inap. (not CY-TCC in isocntry),NA,NA,NA,X,,,standard,NA
ZA5928,5928,Eurobarometer 81.4,May-June,2014,qa5b_6,qa5b_6,IMPORTANT ISSUES PERS: TERRORISM,,NA,0 = Not mentioned 1 = Mentioned 9 = Inap. (not CY-TCC in isocntry),NA,NA,NA,X,,,standard,NA
ZA5928,5928,Eurobarometer 81.4,May-June,2014,qa5b_7,qa5b_7,IMPORTANT ISSUES PERS: CYPRUS ISSUE,,NA,0 = Not mentioned 1 = Mentioned 9 = Inap. (not CY-TCC in isocntry),NA,NA,NA,X,,,standard,NA
ZA5928,5928,Eurobarometer 81.4,May-June,2014,qa5b_8,qa5b_8,IMPORTANT ISSUES PERS: HOUSING,,NA,0 = Not mentioned 1 = Mentioned 9 = Inap. (not CY-TCC in isocntry),NA,NA,NA,X,,,standard,NA
ZA5928,5928,Eurobarometer 81.4,May-June,2014,qa5b_9,qa5b_9,IMPORTANT ISSUES PERS: FINANCIAL SIT HH,,NA,0 = Not mentioned 1 = Mentioned 9 = Inap. (not CY-TCC in isocntry),NA,NA,NA,X,,,standard,NA
ZA5928,5928,Eurobarometer 81.4,May-June,2014,qa5b_10,qa5b_10,IMPORTANT ISSUES PERS: IMMIGRATION,,NA,0 = Not mentioned 1 = Mentioned 9 = Inap. (not CY-TCC in isocntry),NA,NA,NA,X,,,standard,NA
ZA5928,5928,Eurobarometer 81.4,May-June,2014,qa5b_11,qa5b_11,IMPORTANT ISSUES PERS: HEALTH & SOC SECURITY,,NA,0 = Not mentioned 1 = Mentioned 9 = Inap. (not CY-TCC in isocntry),NA,NA,NA,X,,,standard,NA
ZA5928,5928,Eurobarometer 81.4,May-June,2014,qa5b_12,qa5b_12,IMPORTANT ISSUES PERS: EDUCATION SYSTEM,,NA,0 = Not mentioned 1 = Mentioned 9 = Inap. (not CY-TCC in isocntry),NA,NA,NA,X,,,standard,NA
ZA5928,5928,Eurobarometer 81.4,May-June,2014,qa5b_13,qa5b_13,IMPORTANT ISSUES PERS: THE ENVIRONMENT,,NA,0 = Not mentioned 1 = Mentioned 9 = Inap. (not CY-TCC in isocntry),NA,NA,NA,X,,,standard,NA
ZA5928,5928,Eurobarometer 81.4,May-June,2014,qa5b_14,qa5b_14,IMPORTANT ISSUES PERS: PENSIONS,,NA,0 = Not mentioned 1 = Mentioned 9 = Inap. (not CY-TCC in isocntry),NA,NA,NA,X,,,standard,NA
ZA5928,5928,Eurobarometer 81.4,May-June,2014,qa5b_15,qa5b_15,IMPORTANT ISSUES PERS: OTHER (SPONT),,NA,0 = Not mentioned 1 = Mentioned 9 = Inap. (not CY-TCC in isocntry),NA,NA,NA,X,,,standard,NA
ZA5928,5928,Eurobarometer 81.4,May-June,2014,qa5b_16,qa5b_16,IMPORTANT ISSUES PERS: NONE (SPONT),,NA,0 = Not mentioned 1 = Mentioned 9 = Inap. (not CY-TCC in isocntry),NA,NA,NA,X,,,standard,NA
ZA5928,5928,Eurobarometer 81.4,May-June,2014,qa5b_17,qa5b_17,IMPORTANT ISSUES PERS: DK,,NA,0 = Not mentioned 1 = Mentioned 9 = Inap. (not CY-TCC in isocntry),NA,NA,NA,X,,,standard,NA
ZA5928,5928,Eurobarometer 81.4,May-June,2014,qa6_1,qa6_1,IMPORTANT ISSUES EU: CRIME,,NA,0 = Not mentioned 1 = Mentioned 9 = Inap. not EU28 (coded 0 in eu28),NA,NA,NA,X,,,standard,NA
ZA5928,5928,Eurobarometer 81.4,May-June,2014,qa6_2,qa6_2,IMPORTANT ISSUES EU: ECONOMIC SITUATION,,NA,0 = Not mentioned 1 = Mentioned 9 = Inap. not EU28 (coded 0 in eu28),NA,NA,NA,X,,,standard,NA
ZA5928,5928,Eurobarometer 81.4,May-June,2014,qa6_3,qa6_3,IMPORTANT ISSUES EU: RISING PRICES/INFLATION,,NA,0 = Not mentioned 1 = Mentioned 9 = Inap. not EU28 (coded 0 in eu28),NA,NA,NA,X,,,standard,NA
ZA5928,5928,Eurobarometer 81.4,May-June,2014,qa6_4,qa6_4,IMPORTANT ISSUES EU: TAXATION,,NA,0 = Not mentioned 1 = Mentioned 9 = Inap. not EU28 (coded 0 in eu28),NA,NA,NA,X,,,standard,NA
ZA5928,5928,Eurobarometer 81.4,May-June,2014,qa6_5,qa6_5,IMPORTANT ISSUES EU: UNEMPLOYMENT,,NA,0 = Not mentioned 1 = Mentioned 9 = Inap. not EU28 (coded 0 in eu28),NA,NA,NA,X,,,standard,NA
ZA5928,5928,Eurobarometer 81.4,May-June,2014,qa6_6,qa6_6,IMPORTANT ISSUES EU: TERRORISM,,NA,0 = Not mentioned 1 = Mentioned 9 = Inap. not EU28 (coded 0 in eu28),NA,NA,NA,X,,,standard,NA
ZA5928,5928,Eurobarometer 81.4,May-June,2014,qa6_7,qa6_7,IMPORTANT ISSUES EU: INFLUENCE IN THE WORLD,,NA,0 = Not mentioned 1 = Mentioned 9 = Inap. not EU28 (coded 0 in eu28),NA,NA,NA,X,,,standard,NA
ZA5928,5928,Eurobarometer 81.4,May-June,2014,qa6_8,qa6_8,IMPORTANT ISSUES EU: MEMBER FINANCES,,NA,0 = Not mentioned 1 = Mentioned 9 = Inap. not EU28 (coded 0 in eu28),NA,NA,NA,X,,,standard,NA
ZA5928,5928,Eurobarometer 81.4,May-June,2014,qa6_9,qa6_9,IMPORTANT ISSUES EU: IMMIGRATION,,NA,0 = Not mentioned 1 = Mentioned 9 = Inap. not EU28 (coded 0 in eu28),NA,NA,NA,X,,,standard,NA
ZA5928,5928,Eurobarometer 81.4,May-June,2014,qa6_10,qa6_10,IMPORTANT ISSUES EU: PENSIONS,,NA,0 = Not mentioned 1 = Mentioned 9 = Inap. not EU28 (coded 0 in eu28),NA,NA,NA,X,,,standard,NA
ZA5928,5928,Eurobarometer 81.4,May-June,2014,qa6_11,qa6_11,IMPORTANT ISSUES EU: THE ENVIRONMENT,,NA,0 = Not mentioned 1 = Mentioned 9 = Inap. not EU28 (coded 0 in eu28),NA,NA,NA,X,,,standard,NA
ZA5928,5928,Eurobarometer 81.4,May-June,2014,qa6_12,qa6_12,IMPORTANT ISSUES EU: ENERGY SUPPLY,,NA,0 = Not mentioned 1 = Mentioned 9 = Inap. not EU28 (coded 0 in eu28),NA,NA,NA,X,,,standard,NA
ZA5928,5928,Eurobarometer 81.4,May-June,2014,qa6_13,qa6_13,IMPORTANT ISSUES EU: CLIMATE CHANGE,,NA,0 = Not mentioned 1 = Mentioned 9 = Inap. not EU28 (coded 0 in eu28),NA,NA,NA,X,,,standard,NA
ZA5928,5928,Eurobarometer 81.4,May-June,2014,qa6_14,qa6_14,IMPORTANT ISSUES EU: OTHER (SPONT),,NA,0 = Not mentioned 1 = Mentioned 9 = Inap. not EU28 (coded 0 in eu28),NA,NA,NA,X,,,standard,NA
ZA5928,5928,Eurobarometer 81.4,May-June,2014,qa6_15,qa6_15,IMPORTANT ISSUES EU: NONE (SPONT),,NA,0 = Not mentioned 1 = Mentioned 9 = Inap. not EU28 (coded 0 in eu28),NA,NA,NA,X,,,standard,NA
ZA5928,5928,Eurobarometer 81.4,May-June,2014,qa6_16,qa6_16,IMPORTANT ISSUES EU: DK,,NA,0 = Not mentioned 1 = Mentioned 9 = Inap. not EU28 (coded 0 in eu28),NA,NA,NA,X,,,standard,NA
ZA5932,5932,Eurobarometer 82.3,November,2014,isocntry,isocntry,COUNTRY CODE - ISO 3166,,isocntry, = BE  = DK  = GR  = ES  = FI  = FR  = IE  = IT  = LU  = NL  = AT  = PT  = SE  = DE-W  = DE-E  = GB-GBN  = GB-NIR  = BG  = CY  = CZ  = EE  = HU  = LV  = LT  = MT  = PL  = RO  = SK  = SI  = TR  = IS  = HR  = CY-TCC  = MK  = ME  = RS  = AL,NA,NA,NA,X,,,standard,NA
ZA5932,5932,Eurobarometer 82.3,November,2014,qa3a_1,qa3a_1,IMPORTANT ISSUES CNTRY: CRIME,,NA,0 = Not mentioned 1 = Mentioned 9 = Inap. (CY-TCC in isocntry),NA,NA,NA,X,,,standard,NA
ZA5932,5932,Eurobarometer 82.3,November,2014,qa3a_2,qa3a_2,IMPORTANT ISSUES CNTRY: ECONOMIC SITUATION,,NA,0 = Not mentioned 1 = Mentioned 9 = Inap. (CY-TCC in isocntry),NA,NA,NA,X,,,standard,NA
ZA5932,5932,Eurobarometer 82.3,November,2014,qa3a_3,qa3a_3,IMPORTANT ISSUES CNTRY: RISING PRICES/INFLATION,,NA,0 = Not mentioned 1 = Mentioned 9 = Inap. (CY-TCC in isocntry),NA,NA,NA,X,,,standard,NA
ZA5932,5932,Eurobarometer 82.3,November,2014,qa3a_4,qa3a_4,IMPORTANT ISSUES CNTRY: TAXATION,,NA,0 = Not mentioned 1 = Mentioned 9 = Inap. (CY-TCC in isocntry),NA,NA,NA,X,,,standard,NA
ZA5932,5932,Eurobarometer 82.3,November,2014,qa3a_5,qa3a_5,IMPORTANT ISSUES CNTRY: UNEMPLOYMENT,,NA,0 = Not mentioned 1 = Mentioned 9 = Inap. (CY-TCC in isocntry),NA,NA,NA,X,,,standard,NA
ZA5932,5932,Eurobarometer 82.3,November,2014,qa3a_6,qa3a_6,IMPORTANT ISSUES CNTRY: TERRORISM,,NA,0 = Not mentioned 1 = Mentioned 9 = Inap. (CY-TCC in isocntry),NA,NA,NA,X,,,standard,NA
ZA5932,5932,Eurobarometer 82.3,November,2014,qa3a_7,qa3a_7,IMPORTANT ISSUES CNTRY: HOUSING,,NA,0 = Not mentioned 1 = Mentioned 9 = Inap. (CY-TCC in isocntry),NA,NA,NA,X,,,standard,NA
ZA5932,5932,Eurobarometer 82.3,November,2014,qa3a_8,qa3a_8,IMPORTANT ISSUES CNTRY: GOVERNMENT DEBT,,NA,0 = Not mentioned 1 = Mentioned 9 = Inap. (CY-TCC in isocntry),NA,NA,NA,X,,,standard,NA
ZA5932,5932,Eurobarometer 82.3,November,2014,qa3a_9,qa3a_9,IMPORTANT ISSUES CNTRY: IMMIGRATION,,NA,0 = Not mentioned 1 = Mentioned 9 = Inap. (CY-TCC in isocntry),NA,NA,NA,X,,,standard,NA
ZA5932,5932,Eurobarometer 82.3,November,2014,qa3a_10,qa3a_10,IMPORTANT ISSUES CNTRY: HEALTH & SOC SECURITY,,NA,0 = Not mentioned 1 = Mentioned 9 = Inap. (CY-TCC in isocntry),NA,NA,NA,X,,,standard,NA
ZA5932,5932,Eurobarometer 82.3,November,2014,qa3a_11,qa3a_11,IMPORTANT ISSUES CNTRY: EDUCATION SYSTEM,,NA,0 = Not mentioned 1 = Mentioned 9 = Inap. (CY-TCC in isocntry),NA,NA,NA,X,,,standard,NA
ZA5932,5932,Eurobarometer 82.3,November,2014,qa3a_12,qa3a_12,IMPORTANT ISSUES CNTRY: PENSIONS,,NA,0 = Not mentioned 1 = Mentioned 9 = Inap. (CY-TCC in isocntry),NA,NA,NA,X,,,standard,NA
ZA5932,5932,Eurobarometer 82.3,November,2014,qa3a_13,qa3a_13,IMPORTANT ISSUES CNTRY: THE ENVIRONMENT,,NA,0 = Not mentioned 1 = Mentioned 9 = Inap. (CY-TCC in isocntry),NA,NA,NA,X,,,standard,NA
ZA5932,5932,Eurobarometer 82.3,November,2014,qa3a_14,qa3a_14,IMPORTANT ISSUES CNTRY: OTHER (SPONT),,NA,0 = Not mentioned 1 = Mentioned 9 = Inap. (CY-TCC in isocntry),NA,NA,NA,X,,,standard,NA
ZA5932,5932,Eurobarometer 82.3,November,2014,qa3a_15,qa3a_15,IMPORTANT ISSUES CNTRY: NONE (SPONT),,NA,0 = Not mentioned 1 = Mentioned 9 = Inap. (CY-TCC in isocntry),NA,NA,NA,X,,,standard,NA
ZA5932,5932,Eurobarometer 82.3,November,2014,qa3a_16,qa3a_16,IMPORTANT ISSUES CNTRY: DK,,NA,0 = Not mentioned 1 = Mentioned 9 = Inap. (CY-TCC in isocntry),NA,NA,NA,X,,,standard,NA
ZA5932,5932,Eurobarometer 82.3,November,2014,qa4a_1,qa4a_1,IMPORTANT ISSUES PERS: CRIME,,NA,0 = Not mentioned 1 = Mentioned 9 = Inap. (CY-TCC in isocntry),NA,NA,NA,X,,,standard,NA
ZA5932,5932,Eurobarometer 82.3,November,2014,qa4a_2,qa4a_2,IMPORTANT ISSUES PERS: ECONOMIC SITUATION,,NA,0 = Not mentioned 1 = Mentioned 9 = Inap. (CY-TCC in isocntry),NA,NA,NA,X,,,standard,NA
ZA5932,5932,Eurobarometer 82.3,November,2014,qa4a_3,qa4a_3,IMPORTANT ISSUES PERS: RISING PRICES/INFLATION,,NA,0 = Not mentioned 1 = Mentioned 9 = Inap. (CY-TCC in isocntry),NA,NA,NA,X,,,standard,NA
ZA5932,5932,Eurobarometer 82.3,November,2014,qa4a_4,qa4a_4,IMPORTANT ISSUES PERS: TAXATION,,NA,0 = Not mentioned 1 = Mentioned 9 = Inap. (CY-TCC in isocntry),NA,NA,NA,X,,,standard,NA
ZA5932,5932,Eurobarometer 82.3,November,2014,qa4a_5,qa4a_5,IMPORTANT ISSUES PERS: UNEMPLOYMENT,,NA,0 = Not mentioned 1 = Mentioned 9 = Inap. (CY-TCC in isocntry),NA,NA,NA,X,,,standard,NA
ZA5932,5932,Eurobarometer 82.3,November,2014,qa4a_6,qa4a_6,IMPORTANT ISSUES PERS: TERRORISM,,NA,0 = Not mentioned 1 = Mentioned 9 = Inap. (CY-TCC in isocntry),NA,NA,NA,X,,,standard,NA
ZA5932,5932,Eurobarometer 82.3,November,2014,qa4a_7,qa4a_7,IMPORTANT ISSUES PERS: HOUSING,,NA,0 = Not mentioned 1 = Mentioned 9 = Inap. (CY-TCC in isocntry),NA,NA,NA,X,,,standard,NA
ZA5932,5932,Eurobarometer 82.3,November,2014,qa4a_8,qa4a_8,IMPORTANT ISSUES PERS: FINANCIAL SIT HH,,NA,0 = Not mentioned 1 = Mentioned 9 = Inap. (CY-TCC in isocntry),NA,NA,NA,X,,,standard,NA
ZA5932,5932,Eurobarometer 82.3,November,2014,qa4a_9,qa4a_9,IMPORTANT ISSUES PERS: IMMIGRATION,,NA,0 = Not mentioned 1 = Mentioned 9 = Inap. (CY-TCC in isocntry),NA,NA,NA,X,,,standard,NA
ZA5932,5932,Eurobarometer 82.3,November,2014,qa4a_10,qa4a_10,IMPORTANT ISSUES PERS: HEALTH & SOC SECURITY,,NA,0 = Not mentioned 1 = Mentioned 9 = Inap. (CY-TCC in isocntry),NA,NA,NA,X,,,standard,NA
ZA5932,5932,Eurobarometer 82.3,November,2014,qa4a_11,qa4a_11,IMPORTANT ISSUES PERS: EDUCATION SYSTEM,,NA,0 = Not mentioned 1 = Mentioned 9 = Inap. (CY-TCC in isocntry),NA,NA,NA,X,,,standard,NA
ZA5932,5932,Eurobarometer 82.3,November,2014,qa4a_12,qa4a_12,IMPORTANT ISSUES PERS: THE ENVIRONMENT,,NA,0 = Not mentioned 1 = Mentioned 9 = Inap. (CY-TCC in isocntry),NA,NA,NA,X,,,standard,NA
ZA5932,5932,Eurobarometer 82.3,November,2014,qa4a_13,qa4a_13,IMPORTANT ISSUES PERS: PENSIONS,,NA,0 = Not mentioned 1 = Mentioned 9 = Inap. (CY-TCC in isocntry),NA,NA,NA,X,,,standard,NA
ZA5932,5932,Eurobarometer 82.3,November,2014,qa4a_14,qa4a_14,IMPORTANT ISSUES PERS: OTHER (SPONT),,NA,0 = Not mentioned 1 = Mentioned 9 = Inap. (CY-TCC in isocntry),NA,NA,NA,X,,,standard,NA
ZA5932,5932,Eurobarometer 82.3,November,2014,qa4a_15,qa4a_15,IMPORTANT ISSUES PERS: NONE (SPONT),,NA,0 = Not mentioned 1 = Mentioned 9 = Inap. (CY-TCC in isocntry),NA,NA,NA,X,,,standard,NA
ZA5932,5932,Eurobarometer 82.3,November,2014,qa4a_16,qa4a_16,IMPORTANT ISSUES PERS: DK,,NA,0 = Not mentioned 1 = Mentioned 9 = Inap. (CY-TCC in isocntry),NA,NA,NA,X,,,standard,NA
ZA5932,5932,Eurobarometer 82.3,November,2014,qa3b_1,qa3b_1,IMPORTANT ISSUES TCC: CRIME,,NA,0 = Not mentioned 1 = Mentioned 9 = Inap. (not CY-TCC in isocntry),NA,NA,NA,X,,,standard,NA
ZA5932,5932,Eurobarometer 82.3,November,2014,qa3b_2,qa3b_2,IMPORTANT ISSUES TCC: ECONOMIC SITUATION,,NA,0 = Not mentioned 1 = Mentioned 9 = Inap. (not CY-TCC in isocntry),NA,NA,NA,X,,,standard,NA
ZA5932,5932,Eurobarometer 82.3,November,2014,qa3b_3,qa3b_3,IMPORTANT ISSUES TCC: RISING PRICES/INFLATION,,NA,0 = Not mentioned 1 = Mentioned 9 = Inap. (not CY-TCC in isocntry),NA,NA,NA,X,,,standard,NA
ZA5932,5932,Eurobarometer 82.3,November,2014,qa3b_4,qa3b_4,IMPORTANT ISSUES TCC: TAXATION,,NA,0 = Not mentioned 1 = Mentioned 9 = Inap. (not CY-TCC in isocntry),NA,NA,NA,X,,,standard,NA
ZA5932,5932,Eurobarometer 82.3,November,2014,qa3b_5,qa3b_5,IMPORTANT ISSUES TCC: UNEMPLOYMENT,,NA,0 = Not mentioned 1 = Mentioned 9 = Inap. (not CY-TCC in isocntry),NA,NA,NA,X,,,standard,NA
ZA5932,5932,Eurobarometer 82.3,November,2014,qa3b_6,qa3b_6,IMPORTANT ISSUES TCC: TERRORISM,,NA,0 = Not mentioned 1 = Mentioned 9 = Inap. (not CY-TCC in isocntry),NA,NA,NA,X,,,standard,NA
ZA5932,5932,Eurobarometer 82.3,November,2014,qa3b_7,qa3b_7,IMPORTANT ISSUES TCC: HOUSING,,NA,0 = Not mentioned 1 = Mentioned 9 = Inap. (not CY-TCC in isocntry),NA,NA,NA,X,,,standard,NA
ZA5932,5932,Eurobarometer 82.3,November,2014,qa3b_8,qa3b_8,IMPORTANT ISSUES TCC: CYPRUS ISSUE,,NA,0 = Not mentioned 1 = Mentioned 9 = Inap. (not CY-TCC in isocntry),NA,NA,NA,X,,,standard,NA
ZA5932,5932,Eurobarometer 82.3,November,2014,qa3b_9,qa3b_9,IMPORTANT ISSUES TCC: IMMIGRATION,,NA,0 = Not mentioned 1 = Mentioned 9 = Inap. (not CY-TCC in isocntry),NA,NA,NA,X,,,standard,NA
ZA5932,5932,Eurobarometer 82.3,November,2014,qa3b_10,qa3b_10,IMPORTANT ISSUES TCC: HEALTH & SOC SECURITY,,NA,0 = Not mentioned 1 = Mentioned 9 = Inap. (not CY-TCC in isocntry),NA,NA,NA,X,,,standard,NA
ZA5932,5932,Eurobarometer 82.3,November,2014,qa3b_11,qa3b_11,IMPORTANT ISSUES TCC: EDUCATION SYSTEM,,NA,0 = Not mentioned 1 = Mentioned 9 = Inap. (not CY-TCC in isocntry),NA,NA,NA,X,,,standard,NA
ZA5932,5932,Eurobarometer 82.3,November,2014,qa3b_12,qa3b_12,IMPORTANT ISSUES TCC: PENSIONS,,NA,0 = Not mentioned 1 = Mentioned 9 = Inap. (not CY-TCC in isocntry),NA,NA,NA,X,,,standard,NA
ZA5932,5932,Eurobarometer 82.3,November,2014,qa3b_13,qa3b_13,IMPORTANT ISSUES TCC: THE ENVIRONMENT,,NA,0 = Not mentioned 1 = Mentioned (not coded) 9 = Inap. (not CY-TCC in isocntry),NA,NA,NA,X,,,standard,NA
ZA5932,5932,Eurobarometer 82.3,November,2014,qa3b_14,qa3b_14,IMPORTANT ISSUES TCC: OTHER (SPONT),,NA,0 = Not mentioned 1 = Mentioned (not coded) 9 = Inap. (not CY-TCC in isocntry),NA,NA,NA,X,,,standard,NA
ZA5932,5932,Eurobarometer 82.3,November,2014,qa3b_15,qa3b_15,IMPORTANT ISSUES TCC: NONE (SPONT),,NA,0 = Not mentioned 1 = Mentioned 9 = Inap. (not CY-TCC in isocntry),NA,NA,NA,X,,,standard,NA
ZA5932,5932,Eurobarometer 82.3,November,2014,qa3b_16,qa3b_16,IMPORTANT ISSUES TCC: DK,,NA,0 = Not mentioned 1 = Mentioned (not coded) 9 = Inap. (not CY-TCC in isocntry),NA,NA,NA,X,,,standard,NA
ZA5932,5932,Eurobarometer 82.3,November,2014,qa4b_1,qa4b_1,IMPORTANT ISSUES PERS: CRIME (TCC),,NA,0 = Not mentioned 1 = Mentioned 9 = Inap. (not CY-TCC in isocntry),NA,NA,NA,X,,,standard,NA
ZA5932,5932,Eurobarometer 82.3,November,2014,qa4b_2,qa4b_2,IMPORTANT ISSUES PERS: ECONOMIC SITUATION (TCC),,NA,0 = Not mentioned 1 = Mentioned 9 = Inap. (not CY-TCC in isocntry),NA,NA,NA,X,,,standard,NA
ZA5932,5932,Eurobarometer 82.3,November,2014,qa4b_3,qa4b_3,IMPORTANT ISSUES PERS: RISING PRICES/INFLATION (TCC),,NA,0 = Not mentioned 1 = Mentioned 9 = Inap. (not CY-TCC in isocntry),NA,NA,NA,X,,,standard,NA
ZA5932,5932,Eurobarometer 82.3,November,2014,qa4b_4,qa4b_4,IMPORTANT ISSUES PERS: TAXATION (TCC),,NA,0 = Not mentioned 1 = Mentioned 9 = Inap. (not CY-TCC in isocntry),NA,NA,NA,X,,,standard,NA
ZA5932,5932,Eurobarometer 82.3,November,2014,qa4b_5,qa4b_5,IMPORTANT ISSUES PERS: UNEMPLOYMENT (TCC),,NA,0 = Not mentioned 1 = Mentioned 9 = Inap. (not CY-TCC in isocntry),NA,NA,NA,X,,,standard,NA
ZA5932,5932,Eurobarometer 82.3,November,2014,qa4b_6,qa4b_6,IMPORTANT ISSUES PERS: TERRORISM (TCC),,NA,0 = Not mentioned 1 = Mentioned 9 = Inap. (not CY-TCC in isocntry),NA,NA,NA,X,,,standard,NA
ZA5932,5932,Eurobarometer 82.3,November,2014,qa4b_7,qa4b_7,IMPORTANT ISSUES PERS: CYPRUS ISSUE (TCC),,NA,0 = Not mentioned 1 = Mentioned 9 = Inap. (not CY-TCC in isocntry),NA,NA,NA,X,,,standard,NA
ZA5932,5932,Eurobarometer 82.3,November,2014,qa4b_8,qa4b_8,IMPORTANT ISSUES PERS: HOUSING (TCC),,NA,0 = Not mentioned 1 = Mentioned 9 = Inap. (not CY-TCC in isocntry),NA,NA,NA,X,,,standard,NA
ZA5932,5932,Eurobarometer 82.3,November,2014,qa4b_9,qa4b_9,IMPORTANT ISSUES PERS: FINANCIAL SIT HH (TCC),,NA,0 = Not mentioned 1 = Mentioned 9 = Inap. (not CY-TCC in isocntry),NA,NA,NA,X,,,standard,NA
ZA5932,5932,Eurobarometer 82.3,November,2014,qa4b_10,qa4b_10,IMPORTANT ISSUES PERS: IMMIGRATION (TCC),,NA,0 = Not mentioned 1 = Mentioned 9 = Inap. (not CY-TCC in isocntry),NA,NA,NA,X,,,standard,NA
ZA5932,5932,Eurobarometer 82.3,November,2014,qa4b_11,qa4b_11,IMPORTANT ISSUES PERS: HEALTH & SOC SECURITY (TCC),,NA,0 = Not mentioned 1 = Mentioned 9 = Inap. (not CY-TCC in isocntry),NA,NA,NA,X,,,standard,NA
ZA5932,5932,Eurobarometer 82.3,November,2014,qa4b_12,qa4b_12,IMPORTANT ISSUES PERS: EDUCATION SYSTEM (TCC),,NA,0 = Not mentioned 1 = Mentioned 9 = Inap. (not CY-TCC in isocntry),NA,NA,NA,X,,,standard,NA
ZA5932,5932,Eurobarometer 82.3,November,2014,qa4b_13,qa4b_13,IMPORTANT ISSUES PERS: THE ENVIRONMENT (TCC),,NA,0 = Not mentioned 1 = Mentioned 9 = Inap. (not CY-TCC in isocntry),NA,NA,NA,X,,,standard,NA
ZA5932,5932,Eurobarometer 82.3,November,2014,qa4b_14,qa4b_14,IMPORTANT ISSUES PERS: PENSIONS (TCC),,NA,0 = Not mentioned 1 = Mentioned 9 = Inap. (not CY-TCC in isocntry),NA,NA,NA,X,,,standard,NA
ZA5932,5932,Eurobarometer 82.3,November,2014,qa4b_15,qa4b_15,IMPORTANT ISSUES PERS: OTHER (SPONT) (TCC),,NA,0 = Not mentioned 1 = Mentioned (not coded) 9 = Inap. (not CY-TCC in isocntry),NA,NA,NA,X,,,standard,NA
ZA5932,5932,Eurobarometer 82.3,November,2014,qa4b_16,qa4b_16,IMPORTANT ISSUES PERS: NONE (SPONT) (TCC),,NA,0 = Not mentioned 1 = Mentioned (not coded) 9 = Inap. (not CY-TCC in isocntry),NA,NA,NA,X,,,standard,NA
ZA5932,5932,Eurobarometer 82.3,November,2014,qa4b_17,qa4b_17,IMPORTANT ISSUES PERS: DK (TCC),,NA,0 = Not mentioned 1 = Mentioned (not coded) 9 = Inap. (not CY-TCC in isocntry),NA,NA,NA,X,,,standard,NA
ZA5932,5932,Eurobarometer 82.3,November,2014,qa5_1,qa5_1,IMPORTANT ISSUES EU: CRIME,,NA,0 = Not mentioned 1 = Mentioned 9 = Inap. not EU28 (coded 0 in eu28),NA,NA,NA,X,,,standard,NA
ZA5932,5932,Eurobarometer 82.3,November,2014,qa5_2,qa5_2,IMPORTANT ISSUES EU: ECONOMIC SITUATION,,NA,0 = Not mentioned 1 = Mentioned 9 = Inap. not EU28 (coded 0 in eu28),NA,NA,NA,X,,,standard,NA
ZA5932,5932,Eurobarometer 82.3,November,2014,qa5_3,qa5_3,IMPORTANT ISSUES EU: RISING PRICES/INFLATION,,NA,0 = Not mentioned 1 = Mentioned 9 = Inap. not EU28 (coded 0 in eu28),NA,NA,NA,X,,,standard,NA
ZA5932,5932,Eurobarometer 82.3,November,2014,qa5_4,qa5_4,IMPORTANT ISSUES EU: TAXATION,,NA,0 = Not mentioned 1 = Mentioned 9 = Inap. not EU28 (coded 0 in eu28),NA,NA,NA,X,,,standard,NA
ZA5932,5932,Eurobarometer 82.3,November,2014,qa5_5,qa5_5,IMPORTANT ISSUES EU: UNEMPLOYMENT,,NA,0 = Not mentioned 1 = Mentioned 9 = Inap. not EU28 (coded 0 in eu28),NA,NA,NA,X,,,standard,NA
ZA5932,5932,Eurobarometer 82.3,November,2014,qa5_6,qa5_6,IMPORTANT ISSUES EU: TERRORISM,,NA,0 = Not mentioned 1 = Mentioned 9 = Inap. not EU28 (coded 0 in eu28),NA,NA,NA,X,,,standard,NA
ZA5932,5932,Eurobarometer 82.3,November,2014,qa5_7,qa5_7,IMPORTANT ISSUES EU: INFLUENCE IN THE WORLD,,NA,0 = Not mentioned 1 = Mentioned 9 = Inap. not EU28 (coded 0 in eu28),NA,NA,NA,X,,,standard,NA
ZA5932,5932,Eurobarometer 82.3,November,2014,qa5_8,qa5_8,IMPORTANT ISSUES EU: MEMBER FINANCES,,NA,0 = Not mentioned 1 = Mentioned 9 = Inap. not EU28 (coded 0 in eu28),NA,NA,NA,X,,,standard,NA
ZA5932,5932,Eurobarometer 82.3,November,2014,qa5_9,qa5_9,IMPORTANT ISSUES EU: IMMIGRATION,,NA,0 = Not mentioned 1 = Mentioned 9 = Inap. not EU28 (coded 0 in eu28),NA,NA,NA,X,,,standard,NA
ZA5932,5932,Eurobarometer 82.3,November,2014,qa5_10,qa5_10,IMPORTANT ISSUES EU: PENSIONS,,NA,0 = Not mentioned 1 = Mentioned 9 = Inap. not EU28 (coded 0 in eu28),NA,NA,NA,X,,,standard,NA
ZA5932,5932,Eurobarometer 82.3,November,2014,qa5_11,qa5_11,IMPORTANT ISSUES EU: THE ENVIRONMENT,,NA,0 = Not mentioned 1 = Mentioned 9 = Inap. not EU28 (coded 0 in eu28),NA,NA,NA,X,,,standard,NA
ZA5932,5932,Eurobarometer 82.3,November,2014,qa5_12,qa5_12,IMPORTANT ISSUES EU: ENERGY SUPPLY,,NA,0 = Not mentioned 1 = Mentioned 9 = Inap. not EU28 (coded 0 in eu28),NA,NA,NA,X,,,standard,NA
ZA5932,5932,Eurobarometer 82.3,November,2014,qa5_13,qa5_13,IMPORTANT ISSUES EU: CLIMATE CHANGE,,NA,0 = Not mentioned 1 = Mentioned 9 = Inap. not EU28 (coded 0 in eu28),NA,NA,NA,X,,,standard,NA
ZA5932,5932,Eurobarometer 82.3,November,2014,qa5_14,qa5_14,IMPORTANT ISSUES EU: OTHER (SPONT),,NA,0 = Not mentioned 1 = Mentioned 9 = Inap. not EU28 (coded 0 in eu28),NA,NA,NA,X,,,standard,NA
ZA5932,5932,Eurobarometer 82.3,November,2014,qa5_15,qa5_15,IMPORTANT ISSUES EU: NONE (SPONT),,NA,0 = Not mentioned 1 = Mentioned 9 = Inap. not EU28 (coded 0 in eu28),NA,NA,NA,X,,,standard,NA
ZA5932,5932,Eurobarometer 82.3,November,2014,qa5_16,qa5_16,IMPORTANT ISSUES EU: DK,,NA,0 = Not mentioned 1 = Mentioned 9 = Inap. not EU28 (coded 0 in eu28),NA,NA,NA,X,,,standard,NA
ZA5964,5964,Eurobarometer 83.1,Feb-Mar,2015,isocntry,isocntry,COUNTRY CODE - ISO 3166,,isocntry, = BE  = DK  = GR  = ES  = FI  = FR  = IE  = IT  = LU  = NL  = AT  = PT  = SE  = DE-W  = DE-E  = GB-GBN  = GB-NIR  = BG  = CY  = CZ  = EE  = HU  = LV  = LT  = MT  = PL  = RO  = SK  = SI  = HR,NA,NA,NA,,X,,subset,NA
ZA5964,5964,Eurobarometer 83.1,Feb-Mar,2015,qa3_1,qa3_1,IMPORTANT ISSUES CNTRY: CRIME,,NA,0 = Not mentioned 1 = Mentioned,NA,NA,NA,,X,,subset,NA
ZA5964,5964,Eurobarometer 83.1,Feb-Mar,2015,qa3_2,qa3_2,IMPORTANT ISSUES CNTRY: ECONOMIC SITUATION,,NA,0 = Not mentioned 1 = Mentioned,NA,NA,NA,,X,,subset,NA
ZA5964,5964,Eurobarometer 83.1,Feb-Mar,2015,qa3_3,qa3_3,IMPORTANT ISSUES CNTRY: RISING PRICES/INFLATION,,NA,0 = Not mentioned 1 = Mentioned,NA,NA,NA,,X,,subset,NA
ZA5964,5964,Eurobarometer 83.1,Feb-Mar,2015,qa3_4,qa3_4,IMPORTANT ISSUES CNTRY: TAXATION,,NA,0 = Not mentioned 1 = Mentioned,NA,NA,NA,,X,,subset,NA
ZA5964,5964,Eurobarometer 83.1,Feb-Mar,2015,qa3_5,qa3_5,IMPORTANT ISSUES CNTRY: UNEMPLOYMENT,,NA,0 = Not mentioned 1 = Mentioned,NA,NA,NA,,X,,subset,NA
ZA5964,5964,Eurobarometer 83.1,Feb-Mar,2015,qa3_6,qa3_6,IMPORTANT ISSUES CNTRY: TERRORISM,,NA,0 = Not mentioned 1 = Mentioned,NA,NA,NA,,X,,subset,NA
ZA5964,5964,Eurobarometer 83.1,Feb-Mar,2015,qa3_7,qa3_7,IMPORTANT ISSUES CNTRY: HOUSING,,NA,0 = Not mentioned 1 = Mentioned,NA,NA,NA,,X,,subset,NA
ZA5964,5964,Eurobarometer 83.1,Feb-Mar,2015,qa3_8,qa3_8,IMPORTANT ISSUES CNTRY: GOVERNMENT DEBT,,NA,0 = Not mentioned 1 = Mentioned,NA,NA,NA,,X,,subset,NA
ZA5964,5964,Eurobarometer 83.1,Feb-Mar,2015,qa3_9,qa3_9,IMPORTANT ISSUES CNTRY: IMMIGRATION,,NA,0 = Not mentioned 1 = Mentioned,NA,NA,NA,,X,,subset,NA
ZA5964,5964,Eurobarometer 83.1,Feb-Mar,2015,qa3_10,qa3_10,IMPORTANT ISSUES CNTRY: HEALTH & SOC SECURITY,,NA,0 = Not mentioned 1 = Mentioned,NA,NA,NA,,X,,subset,NA
ZA5964,5964,Eurobarometer 83.1,Feb-Mar,2015,qa3_11,qa3_11,IMPORTANT ISSUES CNTRY: EDUCATION SYSTEM,,NA,0 = Not mentioned 1 = Mentioned,NA,NA,NA,,X,,subset,NA
ZA5964,5964,Eurobarometer 83.1,Feb-Mar,2015,qa3_12,qa3_12,IMPORTANT ISSUES CNTRY: PENSIONS,,NA,0 = Not mentioned 1 = Mentioned,NA,NA,NA,,X,,subset,NA
ZA5964,5964,Eurobarometer 83.1,Feb-Mar,2015,qa3_13,qa3_13,IMPORTANT ISSUES CNTRY: THE ENVIRONMENT,,NA,0 = Not mentioned 1 = Mentioned,NA,NA,NA,,X,,subset,NA
ZA5964,5964,Eurobarometer 83.1,Feb-Mar,2015,qa3_14,qa3_14,IMPORTANT ISSUES CNTRY: OTHER (SPONT),,NA,0 = Not mentioned 1 = Mentioned,NA,NA,NA,,X,,subset,NA
ZA5964,5964,Eurobarometer 83.1,Feb-Mar,2015,qa3_15,qa3_15,IMPORTANT ISSUES CNTRY: NONE (SPONT),,NA,0 = Not mentioned 1 = Mentioned,NA,NA,NA,,X,,subset,NA
ZA5964,5964,Eurobarometer 83.1,Feb-Mar,2015,qa3_16,qa3_16,IMPORTANT ISSUES CNTRY: DK,,NA,0 = Not mentioned 1 = Mentioned,NA,NA,NA,,X,,subset,NA
ZA5964,5964,Eurobarometer 83.1,Feb-Mar,2015,qa4_1,qa4_1,IMPORTANT ISSUES PERS: CRIME,,NA,0 = Not mentioned 1 = Mentioned,NA,NA,NA,,X,,subset,NA
ZA5964,5964,Eurobarometer 83.1,Feb-Mar,2015,qa4_2,qa4_2,IMPORTANT ISSUES PERS: ECONOMIC SITUATION,,NA,0 = Not mentioned 1 = Mentioned,NA,NA,NA,,X,,subset,NA
ZA5964,5964,Eurobarometer 83.1,Feb-Mar,2015,qa4_3,qa4_3,IMPORTANT ISSUES PERS: RISING PRICES/INFLATION,,NA,0 = Not mentioned 1 = Mentioned,NA,NA,NA,,X,,subset,NA
ZA5964,5964,Eurobarometer 83.1,Feb-Mar,2015,qa4_4,qa4_4,IMPORTANT ISSUES PERS: TAXATION,,NA,0 = Not mentioned 1 = Mentioned,NA,NA,NA,,X,,subset,NA
ZA5964,5964,Eurobarometer 83.1,Feb-Mar,2015,qa4_5,qa4_5,IMPORTANT ISSUES PERS: UNEMPLOYMENT,,NA,0 = Not mentioned 1 = Mentioned,NA,NA,NA,,X,,subset,NA
ZA5964,5964,Eurobarometer 83.1,Feb-Mar,2015,qa4_6,qa4_6,IMPORTANT ISSUES PERS: TERRORISM,,NA,0 = Not mentioned 1 = Mentioned,NA,NA,NA,,X,,subset,NA
ZA5964,5964,Eurobarometer 83.1,Feb-Mar,2015,qa4_7,qa4_7,IMPORTANT ISSUES PERS: HOUSING,,NA,0 = Not mentioned 1 = Mentioned,NA,NA,NA,,X,,subset,NA
ZA5964,5964,Eurobarometer 83.1,Feb-Mar,2015,qa4_8,qa4_8,IMPORTANT ISSUES PERS: FINANCIAL SIT HH,,NA,0 = Not mentioned 1 = Mentioned,NA,NA,NA,,X,,subset,NA
ZA5964,5964,Eurobarometer 83.1,Feb-Mar,2015,qa4_9,qa4_9,IMPORTANT ISSUES PERS: IMMIGRATION,,NA,0 = Not mentioned 1 = Mentioned,NA,NA,NA,,X,,subset,NA
ZA5964,5964,Eurobarometer 83.1,Feb-Mar,2015,qa4_10,qa4_10,IMPORTANT ISSUES PERS: HEALTH & SOC SECURITY,,NA,0 = Not mentioned 1 = Mentioned,NA,NA,NA,,X,,subset,NA
ZA5964,5964,Eurobarometer 83.1,Feb-Mar,2015,qa4_11,qa4_11,IMPORTANT ISSUES PERS: EDUCATION SYSTEM,,NA,0 = Not mentioned 1 = Mentioned,NA,NA,NA,,X,,subset,NA
ZA5964,5964,Eurobarometer 83.1,Feb-Mar,2015,qa4_12,qa4_12,IMPORTANT ISSUES PERS: THE ENVIRONMENT,,NA,0 = Not mentioned 1 = Mentioned,NA,NA,NA,,X,,subset,NA
ZA5964,5964,Eurobarometer 83.1,Feb-Mar,2015,qa4_13,qa4_13,IMPORTANT ISSUES PERS: PENSIONS,,NA,0 = Not mentioned 1 = Mentioned,NA,NA,NA,,X,,subset,NA
ZA5964,5964,Eurobarometer 83.1,Feb-Mar,2015,qa4_14,qa4_14,IMPORTANT ISSUES PERS: WORKING CONDITIONS,,NA,0 = Not mentioned 1 = Mentioned,NA,NA,NA,,X,,subset,NA
ZA5964,5964,Eurobarometer 83.1,Feb-Mar,2015,qa4_15,qa4_15,IMPORTANT ISSUES PERS: LIVING CONDITIONS,,NA,0 = Not mentioned 1 = Mentioned,NA,NA,NA,,X,,subset,NA
ZA5964,5964,Eurobarometer 83.1,Feb-Mar,2015,qa4_16,qa4_16,IMPORTANT ISSUES PERS: OTHER (SPONT),,NA,0 = Not mentioned 1 = Mentioned,NA,NA,NA,,X,,subset,NA
ZA5964,5964,Eurobarometer 83.1,Feb-Mar,2015,qa4_17,qa4_17,IMPORTANT ISSUES PERS: NONE (SPONT),,NA,0 = Not mentioned 1 = Mentioned,NA,NA,NA,,X,,subset,NA
ZA5964,5964,Eurobarometer 83.1,Feb-Mar,2015,qa4_18,qa4_18,IMPORTANT ISSUES PERS: DK,,NA,0 = Not mentioned 1 = Mentioned,NA,NA,NA,,X,,subset,NA
ZA5964,5964,Eurobarometer 83.1,Feb-Mar,2015,qa5_1,qa5_1,IMPORTANT ISSUES EU: CRIME,,NA,0 = Not mentioned 1 = Mentioned,NA,NA,NA,,X,,subset,NA
ZA5964,5964,Eurobarometer 83.1,Feb-Mar,2015,qa5_2,qa5_2,IMPORTANT ISSUES EU: ECONOMIC SITUATION,,NA,0 = Not mentioned 1 = Mentioned,NA,NA,NA,,X,,subset,NA
ZA5964,5964,Eurobarometer 83.1,Feb-Mar,2015,qa5_3,qa5_3,IMPORTANT ISSUES EU: RISING PRICES/INFLATION,,NA,0 = Not mentioned 1 = Mentioned,NA,NA,NA,,X,,subset,NA
ZA5964,5964,Eurobarometer 83.1,Feb-Mar,2015,qa5_4,qa5_4,IMPORTANT ISSUES EU: TAXATION,,NA,0 = Not mentioned 1 = Mentioned,NA,NA,NA,,X,,subset,NA
ZA5964,5964,Eurobarometer 83.1,Feb-Mar,2015,qa5_5,qa5_5,IMPORTANT ISSUES EU: UNEMPLOYMENT,,NA,0 = Not mentioned 1 = Mentioned,NA,NA,NA,,X,,subset,NA
ZA5964,5964,Eurobarometer 83.1,Feb-Mar,2015,qa5_6,qa5_6,IMPORTANT ISSUES EU: TERRORISM,,NA,0 = Not mentioned 1 = Mentioned,NA,NA,NA,,X,,subset,NA
ZA5964,5964,Eurobarometer 83.1,Feb-Mar,2015,qa5_7,qa5_7,IMPORTANT ISSUES EU: INFLUENCE IN THE WORLD,,NA,0 = Not mentioned 1 = Mentioned,NA,NA,NA,,X,,subset,NA
ZA5964,5964,Eurobarometer 83.1,Feb-Mar,2015,qa5_8,qa5_8,IMPORTANT ISSUES EU: MEMBER FINANCES,,NA,0 = Not mentioned 1 = Mentioned,NA,NA,NA,,X,,subset,NA
ZA5964,5964,Eurobarometer 83.1,Feb-Mar,2015,qa5_9,qa5_9,IMPORTANT ISSUES EU: IMMIGRATION,,NA,0 = Not mentioned 1 = Mentioned,NA,NA,NA,,X,,subset,NA
ZA5964,5964,Eurobarometer 83.1,Feb-Mar,2015,qa5_10,qa5_10,IMPORTANT ISSUES EU: PENSIONS,,NA,0 = Not mentioned 1 = Mentioned,NA,NA,NA,,X,,subset,NA
ZA5964,5964,Eurobarometer 83.1,Feb-Mar,2015,qa5_11,qa5_11,IMPORTANT ISSUES EU: THE ENVIRONMENT,,NA,0 = Not mentioned 1 = Mentioned,NA,NA,NA,,X,,subset,NA
ZA5964,5964,Eurobarometer 83.1,Feb-Mar,2015,qa5_12,qa5_12,IMPORTANT ISSUES EU: ENERGY SUPPLY,,NA,0 = Not mentioned 1 = Mentioned,NA,NA,NA,,X,,subset,NA
ZA5964,5964,Eurobarometer 83.1,Feb-Mar,2015,qa5_13,qa5_13,IMPORTANT ISSUES EU: CLIMATE CHANGE,,NA,0 = Not mentioned 1 = Mentioned,NA,NA,NA,,X,,subset,NA
ZA5964,5964,Eurobarometer 83.1,Feb-Mar,2015,qa5_14,qa5_14,IMPORTANT ISSUES EU: OTHER (SPONT),,NA,0 = Not mentioned 1 = Mentioned,NA,NA,NA,,X,,subset,NA
ZA5964,5964,Eurobarometer 83.1,Feb-Mar,2015,qa5_15,qa5_15,IMPORTANT ISSUES EU: NONE (SPONT),,NA,0 = Not mentioned 1 = Mentioned,NA,NA,NA,,X,,subset,NA
ZA5964,5964,Eurobarometer 83.1,Feb-Mar,2015,qa5_16,qa5_16,IMPORTANT ISSUES EU: DK,,NA,0 = Not mentioned 1 = Mentioned,NA,NA,NA,,X,,subset,NA
ZA5998,5998,Eurobarometer 83.3,May,2015,isocntry,isocntry,COUNTRY CODE - ISO 3166,,isocntry, = BE  = DK  = GR  = ES  = FI  = FR  = IE  = IT  = LU  = NL  = AT  = PT  = SE  = DE-W  = DE-E  = GB-GBN  = GB-NIR  = BG  = CY  = CZ  = EE  = HU  = LV  = LT  = MT  = PL  = RO  = SK  = SI  = TR  = HR  = CY-TCC  = MK  = ME  = RS  = AL,NA,NA,NA,X,,,standard,NA
ZA5998,5998,Eurobarometer 83.3,May,2015,qa3a_1,qa3a_1,IMPORTANT ISSUES CNTRY: CRIME,,NA,0 = Not mentioned 1 = Mentioned 9 = Inap. (CY-TCC in isocntry),NA,NA,NA,X,,,standard,NA
ZA5998,5998,Eurobarometer 83.3,May,2015,qa3a_2,qa3a_2,IMPORTANT ISSUES CNTRY: ECONOMIC SITUATION,,NA,0 = Not mentioned 1 = Mentioned 9 = Inap. (CY-TCC in isocntry),NA,NA,NA,X,,,standard,NA
ZA5998,5998,Eurobarometer 83.3,May,2015,qa3a_3,qa3a_3,IMPORTANT ISSUES CNTRY: RISING PRICES/INFLATION/COST OF LIVING,,NA,0 = Not mentioned 1 = Mentioned 9 = Inap. (CY-TCC in isocntry),NA,NA,NA,X,,,standard,NA
ZA5998,5998,Eurobarometer 83.3,May,2015,qa3a_4,qa3a_4,IMPORTANT ISSUES CNTRY: TAXATION,,NA,0 = Not mentioned 1 = Mentioned 9 = Inap. (CY-TCC in isocntry),NA,NA,NA,X,,,standard,NA
ZA5998,5998,Eurobarometer 83.3,May,2015,qa3a_5,qa3a_5,IMPORTANT ISSUES CNTRY: UNEMPLOYMENT,,NA,0 = Not mentioned 1 = Mentioned 9 = Inap. (CY-TCC in isocntry),NA,NA,NA,X,,,standard,NA
ZA5998,5998,Eurobarometer 83.3,May,2015,qa3a_6,qa3a_6,IMPORTANT ISSUES CNTRY: TERRORISM,,NA,0 = Not mentioned 1 = Mentioned 9 = Inap. (CY-TCC in isocntry),NA,NA,NA,X,,,standard,NA
ZA5998,5998,Eurobarometer 83.3,May,2015,qa3a_7,qa3a_7,IMPORTANT ISSUES CNTRY: HOUSING,,NA,0 = Not mentioned 1 = Mentioned 9 = Inap. (CY-TCC in isocntry),NA,NA,NA,X,,,standard,NA
ZA5998,5998,Eurobarometer 83.3,May,2015,qa3a_8,qa3a_8,IMPORTANT ISSUES CNTRY: GOVERNMENT DEBT,,NA,0 = Not mentioned 1 = Mentioned 9 = Inap. (CY-TCC in isocntry),NA,NA,NA,X,,,standard,NA
ZA5998,5998,Eurobarometer 83.3,May,2015,qa3a_9,qa3a_9,IMPORTANT ISSUES CNTRY: IMMIGRATION,,NA,0 = Not mentioned 1 = Mentioned 9 = Inap. (CY-TCC in isocntry),NA,NA,NA,X,,,standard,NA
ZA5998,5998,Eurobarometer 83.3,May,2015,qa3a_10,qa3a_10,IMPORTANT ISSUES CNTRY: HEALTH & SOC SECURITY,,NA,0 = Not mentioned 1 = Mentioned 9 = Inap. (CY-TCC in isocntry),NA,NA,NA,X,,,standard,NA
ZA5998,5998,Eurobarometer 83.3,May,2015,qa3a_11,qa3a_11,IMPORTANT ISSUES CNTRY: EDUCATION SYSTEM,,NA,0 = Not mentioned 1 = Mentioned 9 = Inap. (CY-TCC in isocntry),NA,NA,NA,X,,,standard,NA
ZA5998,5998,Eurobarometer 83.3,May,2015,qa3a_12,qa3a_12,IMPORTANT ISSUES CNTRY: PENSIONS,,NA,0 = Not mentioned 1 = Mentioned 9 = Inap. (CY-TCC in isocntry),NA,NA,NA,X,,,standard,NA
ZA5998,5998,Eurobarometer 83.3,May,2015,qa3a_13,qa3a_13,IMPORTANT ISSUES CNTRY: THE ENVIRONMENT,,NA,0 = Not mentioned 1 = Mentioned 9 = Inap. (CY-TCC in isocntry),NA,NA,NA,X,,,standard,NA
ZA5998,5998,Eurobarometer 83.3,May,2015,qa3a_14,qa3a_14,IMPORTANT ISSUES CNTRY: OTHER (SPONT),,NA,0 = Not mentioned 1 = Mentioned 9 = Inap. (CY-TCC in isocntry),NA,NA,NA,X,,,standard,NA
ZA5998,5998,Eurobarometer 83.3,May,2015,qa3a_15,qa3a_15,IMPORTANT ISSUES CNTRY: NONE (SPONT),,NA,0 = Not mentioned 1 = Mentioned 9 = Inap. (CY-TCC in isocntry),NA,NA,NA,X,,,standard,NA
ZA5998,5998,Eurobarometer 83.3,May,2015,qa3a_16,qa3a_16,IMPORTANT ISSUES CNTRY: DK,,NA,0 = Not mentioned 1 = Mentioned 9 = Inap. (CY-TCC in isocntry),NA,NA,NA,X,,,standard,NA
ZA5998,5998,Eurobarometer 83.3,May,2015,qa4a_1,qa4a_1,IMPORTANT ISSUES PERS: CRIME,,NA,0 = Not mentioned 1 = Mentioned 9 = Inap. (CY-TCC in isocntry),NA,NA,NA,X,,,standard,NA
ZA5998,5998,Eurobarometer 83.3,May,2015,qa4a_2,qa4a_2,IMPORTANT ISSUES PERS: ECONOMIC SITUATION CNTRY,,NA,0 = Not mentioned 1 = Mentioned 9 = Inap. (CY-TCC in isocntry),NA,NA,NA,X,,,standard,NA
ZA5998,5998,Eurobarometer 83.3,May,2015,qa4a_3,qa4a_3,IMPORTANT ISSUES PERS: RISING PRICES/INFLATION/COST OF LIVING,,NA,0 = Not mentioned 1 = Mentioned 9 = Inap. (CY-TCC in isocntry),NA,NA,NA,X,,,standard,NA
ZA5998,5998,Eurobarometer 83.3,May,2015,qa4a_4,qa4a_4,IMPORTANT ISSUES PERS: TAXATION,,NA,0 = Not mentioned 1 = Mentioned 9 = Inap. (CY-TCC in isocntry),NA,NA,NA,X,,,standard,NA
ZA5998,5998,Eurobarometer 83.3,May,2015,qa4a_5,qa4a_5,IMPORTANT ISSUES PERS: UNEMPLOYMENT,,NA,0 = Not mentioned 1 = Mentioned 9 = Inap. (CY-TCC in isocntry),NA,NA,NA,X,,,standard,NA
ZA5998,5998,Eurobarometer 83.3,May,2015,qa4a_6,qa4a_6,IMPORTANT ISSUES PERS: TERRORISM,,NA,0 = Not mentioned 1 = Mentioned 9 = Inap. (CY-TCC in isocntry),NA,NA,NA,X,,,standard,NA
ZA5998,5998,Eurobarometer 83.3,May,2015,qa4a_7,qa4a_7,IMPORTANT ISSUES PERS: HOUSING,,NA,0 = Not mentioned 1 = Mentioned 9 = Inap. (CY-TCC in isocntry),NA,NA,NA,X,,,standard,NA
ZA5998,5998,Eurobarometer 83.3,May,2015,qa4a_8,qa4a_8,IMPORTANT ISSUES PERS: FINANCIAL SIT HH,,NA,0 = Not mentioned 1 = Mentioned 9 = Inap. (CY-TCC in isocntry),NA,NA,NA,X,,,standard,NA
ZA5998,5998,Eurobarometer 83.3,May,2015,qa4a_9,qa4a_9,IMPORTANT ISSUES PERS: IMMIGRATION,,NA,0 = Not mentioned 1 = Mentioned 9 = Inap. (CY-TCC in isocntry),NA,NA,NA,X,,,standard,NA
ZA5998,5998,Eurobarometer 83.3,May,2015,qa4a_10,qa4a_10,IMPORTANT ISSUES PERS: HEALTH & SOC SECURITY,,NA,0 = Not mentioned 1 = Mentioned 9 = Inap. (CY-TCC in isocntry),NA,NA,NA,X,,,standard,NA
ZA5998,5998,Eurobarometer 83.3,May,2015,qa4a_11,qa4a_11,IMPORTANT ISSUES PERS: EDUCATION SYSTEM,,NA,0 = Not mentioned 1 = Mentioned 9 = Inap. (CY-TCC in isocntry),NA,NA,NA,X,,,standard,NA
ZA5998,5998,Eurobarometer 83.3,May,2015,qa4a_12,qa4a_12,IMPORTANT ISSUES PERS: THE ENVIRONMENT,,NA,0 = Not mentioned 1 = Mentioned 9 = Inap. (CY-TCC in isocntry),NA,NA,NA,X,,,standard,NA
ZA5998,5998,Eurobarometer 83.3,May,2015,qa4a_13,qa4a_13,IMPORTANT ISSUES PERS: PENSIONS,,NA,0 = Not mentioned 1 = Mentioned 9 = Inap. (CY-TCC in isocntry),NA,NA,NA,X,,,standard,NA
ZA5998,5998,Eurobarometer 83.3,May,2015,qa4a_14,qa4a_14,IMPORTANT ISSUES PERS: WORKING CONDITIONS,,NA,0 = Not mentioned 1 = Mentioned 9 = Inap. (CY-TCC in isocntry),NA,NA,NA,X,,,standard,NA
ZA5998,5998,Eurobarometer 83.3,May,2015,qa4a_15,qa4a_15,IMPORTANT ISSUES PERS: LIVING CONDITIONS,,NA,0 = Not mentioned 1 = Mentioned 9 = Inap. (CY-TCC in isocntry),NA,NA,NA,X,,,standard,NA
ZA5998,5998,Eurobarometer 83.3,May,2015,qa4a_16,qa4a_16,IMPORTANT ISSUES PERS: OTHER (SPONT),,NA,0 = Not mentioned 1 = Mentioned 9 = Inap. (CY-TCC in isocntry),NA,NA,NA,X,,,standard,NA
ZA5998,5998,Eurobarometer 83.3,May,2015,qa4a_17,qa4a_17,IMPORTANT ISSUES PERS: NONE (SPONT),,NA,0 = Not mentioned 1 = Mentioned 9 = Inap. (CY-TCC in isocntry),NA,NA,NA,X,,,standard,NA
ZA5998,5998,Eurobarometer 83.3,May,2015,qa4a_18,qa4a_18,IMPORTANT ISSUES PERS: DK,,NA,0 = Not mentioned 1 = Mentioned 9 = Inap. (CY-TCC in isocntry),NA,NA,NA,X,,,standard,NA
ZA5998,5998,Eurobarometer 83.3,May,2015,qa3b_1,qa3b_1,IMPORTANT ISSUES TCC: CRIME,,NA,0 = Not mentioned 1 = Mentioned 9 = Inap. (not CY-TCC in isocntry),NA,NA,NA,X,,,standard,NA
ZA5998,5998,Eurobarometer 83.3,May,2015,qa3b_2,qa3b_2,IMPORTANT ISSUES TCC: ECONOMIC SITUATION,,NA,0 = Not mentioned 1 = Mentioned 9 = Inap. (not CY-TCC in isocntry),NA,NA,NA,X,,,standard,NA
ZA5998,5998,Eurobarometer 83.3,May,2015,qa3b_3,qa3b_3,IMPORTANT ISSUES TCC: RISING PRICES/INFLATION/COST OF LIVING,,NA,0 = Not mentioned 1 = Mentioned 9 = Inap. (not CY-TCC in isocntry),NA,NA,NA,X,,,standard,NA
ZA5998,5998,Eurobarometer 83.3,May,2015,qa3b_4,qa3b_4,IMPORTANT ISSUES TCC: TAXATION,,NA,0 = Not mentioned 1 = Mentioned 9 = Inap. (not CY-TCC in isocntry),NA,NA,NA,X,,,standard,NA
ZA5998,5998,Eurobarometer 83.3,May,2015,qa3b_5,qa3b_5,IMPORTANT ISSUES TCC: UNEMPLOYMENT,,NA,0 = Not mentioned 1 = Mentioned 9 = Inap. (not CY-TCC in isocntry),NA,NA,NA,X,,,standard,NA
ZA5998,5998,Eurobarometer 83.3,May,2015,qa3b_6,qa3b_6,IMPORTANT ISSUES TCC: TERRORISM,,NA,0 = Not mentioned 1 = Mentioned 9 = Inap. (not CY-TCC in isocntry),NA,NA,NA,X,,,standard,NA
ZA5998,5998,Eurobarometer 83.3,May,2015,qa3b_7,qa3b_7,IMPORTANT ISSUES TCC: HOUSING,,NA,0 = Not mentioned 1 = Mentioned 9 = Inap. (not CY-TCC in isocntry),NA,NA,NA,X,,,standard,NA
ZA5998,5998,Eurobarometer 83.3,May,2015,qa3b_8,qa3b_8,IMPORTANT ISSUES TCC: CYPRUS ISSUE,,NA,0 = Not mentioned 1 = Mentioned 9 = Inap. (not CY-TCC in isocntry),NA,NA,NA,X,,,standard,NA
ZA5998,5998,Eurobarometer 83.3,May,2015,qa3b_9,qa3b_9,IMPORTANT ISSUES TCC: IMMIGRATION,,NA,0 = Not mentioned 1 = Mentioned 9 = Inap. (not CY-TCC in isocntry),NA,NA,NA,X,,,standard,NA
ZA5998,5998,Eurobarometer 83.3,May,2015,qa3b_10,qa3b_10,IMPORTANT ISSUES TCC: HEALTH & SOC SECURITY,,NA,0 = Not mentioned 1 = Mentioned 9 = Inap. (not CY-TCC in isocntry),NA,NA,NA,X,,,standard,NA
ZA5998,5998,Eurobarometer 83.3,May,2015,qa3b_11,qa3b_11,IMPORTANT ISSUES TCC: EDUCATION SYSTEM,,NA,0 = Not mentioned 1 = Mentioned 9 = Inap. (not CY-TCC in isocntry),NA,NA,NA,X,,,standard,NA
ZA5998,5998,Eurobarometer 83.3,May,2015,qa3b_12,qa3b_12,IMPORTANT ISSUES TCC: PENSIONS,,NA,0 = Not mentioned 1 = Mentioned 9 = Inap. (not CY-TCC in isocntry),NA,NA,NA,X,,,standard,NA
ZA5998,5998,Eurobarometer 83.3,May,2015,qa3b_13,qa3b_13,IMPORTANT ISSUES TCC: THE ENVIRONMENT,,NA,0 = Not mentioned 1 = Mentioned 9 = Inap. (not CY-TCC in isocntry),NA,NA,NA,X,,,standard,NA
ZA5998,5998,Eurobarometer 83.3,May,2015,qa3b_14,qa3b_14,IMPORTANT ISSUES TCC: OTHER (SPONT),,NA,0 = Not mentioned 1 = Mentioned (not coded) 9 = Inap. (not CY-TCC in isocntry),NA,NA,NA,X,,,standard,NA
ZA5998,5998,Eurobarometer 83.3,May,2015,qa3b_15,qa3b_15,IMPORTANT ISSUES TCC: NONE (SPONT),,NA,0 = Not mentioned 1 = Mentioned (not coded) 9 = Inap. (not CY-TCC in isocntry),NA,NA,NA,X,,,standard,NA
ZA5998,5998,Eurobarometer 83.3,May,2015,qa3b_16,qa3b_16,IMPORTANT ISSUES TCC: DK,,NA,0 = Not mentioned 1 = Mentioned 9 = Inap. (not CY-TCC in isocntry),NA,NA,NA,X,,,standard,NA
ZA5998,5998,Eurobarometer 83.3,May,2015,qa4b_1,qa4b_1,IMPORTANT ISSUES PERS: CRIME (TCC),,NA,0 = Not mentioned 1 = Mentioned 9 = Inap. (not CY-TCC in isocntry),NA,NA,NA,X,,,standard,NA
ZA5998,5998,Eurobarometer 83.3,May,2015,qa4b_2,qa4b_2,IMPORTANT ISSUES PERS: ECONOMIC SITUATION (TCC),,NA,0 = Not mentioned 1 = Mentioned 9 = Inap. (not CY-TCC in isocntry),NA,NA,NA,X,,,standard,NA
ZA5998,5998,Eurobarometer 83.3,May,2015,qa4b_3,qa4b_3,IMPORTANT ISSUES PERS: RISING PRICES/INFLATION/COST OF LIVING (TCC),,NA,0 = Not mentioned 1 = Mentioned 9 = Inap. (not CY-TCC in isocntry),NA,NA,NA,X,,,standard,NA
ZA5998,5998,Eurobarometer 83.3,May,2015,qa4b_4,qa4b_4,IMPORTANT ISSUES PERS: TAXATION (TCC),,NA,0 = Not mentioned 1 = Mentioned 9 = Inap. (not CY-TCC in isocntry),NA,NA,NA,X,,,standard,NA
ZA5998,5998,Eurobarometer 83.3,May,2015,qa4b_5,qa4b_5,IMPORTANT ISSUES PERS: UNEMPLOYMENT (TCC),,NA,0 = Not mentioned 1 = Mentioned 9 = Inap. (not CY-TCC in isocntry),NA,NA,NA,X,,,standard,NA
ZA5998,5998,Eurobarometer 83.3,May,2015,qa4b_6,qa4b_6,IMPORTANT ISSUES PERS: TERRORISM (TCC),,NA,0 = Not mentioned 1 = Mentioned 9 = Inap. (not CY-TCC in isocntry),NA,NA,NA,X,,,standard,NA
ZA5998,5998,Eurobarometer 83.3,May,2015,qa4b_7,qa4b_7,IMPORTANT ISSUES PERS: CYPRUS ISSUE (TCC),,NA,0 = Not mentioned 1 = Mentioned 9 = Inap. (not CY-TCC in isocntry),NA,NA,NA,X,,,standard,NA
ZA5998,5998,Eurobarometer 83.3,May,2015,qa4b_8,qa4b_8,IMPORTANT ISSUES PERS: HOUSING (TCC),,NA,0 = Not mentioned 1 = Mentioned 9 = Inap. (not CY-TCC in isocntry),NA,NA,NA,X,,,standard,NA
ZA5998,5998,Eurobarometer 83.3,May,2015,qa4b_9,qa4b_9,IMPORTANT ISSUES PERS: FINANCIAL SIT HH (TCC),,NA,0 = Not mentioned 1 = Mentioned 9 = Inap. (not CY-TCC in isocntry),NA,NA,NA,X,,,standard,NA
ZA5998,5998,Eurobarometer 83.3,May,2015,qa4b_10,qa4b_10,IMPORTANT ISSUES PERS: IMMIGRATION (TCC),,NA,0 = Not mentioned 1 = Mentioned 9 = Inap. (not CY-TCC in isocntry),NA,NA,NA,X,,,standard,NA
ZA5998,5998,Eurobarometer 83.3,May,2015,qa4b_11,qa4b_11,IMPORTANT ISSUES PERS: HEALTH & SOC SECURITY (TCC),,NA,0 = Not mentioned 1 = Mentioned 9 = Inap. (not CY-TCC in isocntry),NA,NA,NA,X,,,standard,NA
ZA5998,5998,Eurobarometer 83.3,May,2015,qa4b_12,qa4b_12,IMPORTANT ISSUES PERS: EDUCATION SYSTEM (TCC),,NA,0 = Not mentioned 1 = Mentioned 9 = Inap. (not CY-TCC in isocntry),NA,NA,NA,X,,,standard,NA
ZA5998,5998,Eurobarometer 83.3,May,2015,qa4b_13,qa4b_13,IMPORTANT ISSUES PERS: THE ENVIRONMENT (TCC),,NA,0 = Not mentioned 1 = Mentioned 9 = Inap. (not CY-TCC in isocntry),NA,NA,NA,X,,,standard,NA
ZA5998,5998,Eurobarometer 83.3,May,2015,qa4b_14,qa4b_14,IMPORTANT ISSUES PERS: WORKING CONDITIONS (TCC),,NA,0 = Not mentioned 1 = Mentioned 9 = Inap. (not CY-TCC in isocntry),NA,NA,NA,X,,,standard,NA
ZA5998,5998,Eurobarometer 83.3,May,2015,qa4b_15,qa4b_15,IMPORTANT ISSUES PERS: LIVING CONDITIONS (TCC),,NA,0 = Not mentioned 1 = Mentioned 9 = Inap. (not CY-TCC in isocntry),NA,NA,NA,X,,,standard,NA
ZA5998,5998,Eurobarometer 83.3,May,2015,qa4b_16,qa4b_16,IMPORTANT ISSUES PERS: OTHER (SPONT) (TCC),,NA,0 = Not mentioned 1 = Mentioned (not coded) 9 = Inap. (not CY-TCC in isocntry),NA,NA,NA,X,,,standard,NA
ZA5998,5998,Eurobarometer 83.3,May,2015,qa4b_17,qa4b_17,IMPORTANT ISSUES PERS: NONE (SPONT) (TCC),,NA,0 = Not mentioned 1 = Mentioned (not coded) 9 = Inap. (not CY-TCC in isocntry),NA,NA,NA,X,,,standard,NA
ZA5998,5998,Eurobarometer 83.3,May,2015,qa4b_18,qa4b_18,IMPORTANT ISSUES PERS: DK (TCC),,NA,0 = Not mentioned 1 = Mentioned (not coded) 9 = Inap. (not CY-TCC in isocntry),NA,NA,NA,X,,,standard,NA
ZA5998,5998,Eurobarometer 83.3,May,2015,qa5_1,qa5_1,IMPORTANT ISSUES EU: CRIME,,NA,0 = Not mentioned 1 = Mentioned 9 = Inap. not EU28 (coded 0 in eu28),NA,NA,NA,X,,,standard,NA
ZA5998,5998,Eurobarometer 83.3,May,2015,qa5_2,qa5_2,IMPORTANT ISSUES EU: ECONOMIC SITUATION,,NA,0 = Not mentioned 1 = Mentioned 9 = Inap. not EU28 (coded 0 in eu28),NA,NA,NA,X,,,standard,NA
ZA5998,5998,Eurobarometer 83.3,May,2015,qa5_3,qa5_3,IMPORTANT ISSUES EU: RISING PRICES/INFLATION/COST OF LIVING,,NA,0 = Not mentioned 1 = Mentioned 9 = Inap. not EU28 (coded 0 in eu28),NA,NA,NA,X,,,standard,NA
ZA5998,5998,Eurobarometer 83.3,May,2015,qa5_4,qa5_4,IMPORTANT ISSUES EU: TAXATION,,NA,0 = Not mentioned 1 = Mentioned 9 = Inap. not EU28 (coded 0 in eu28),NA,NA,NA,X,,,standard,NA
ZA5998,5998,Eurobarometer 83.3,May,2015,qa5_5,qa5_5,IMPORTANT ISSUES EU: UNEMPLOYMENT,,NA,0 = Not mentioned 1 = Mentioned 9 = Inap. not EU28 (coded 0 in eu28),NA,NA,NA,X,,,standard,NA
ZA5998,5998,Eurobarometer 83.3,May,2015,qa5_6,qa5_6,IMPORTANT ISSUES EU: TERRORISM,,NA,0 = Not mentioned 1 = Mentioned 9 = Inap. not EU28 (coded 0 in eu28),NA,NA,NA,X,,,standard,NA
ZA5998,5998,Eurobarometer 83.3,May,2015,qa5_7,qa5_7,IMPORTANT ISSUES EU: INFLUENCE IN THE WORLD,,NA,0 = Not mentioned 1 = Mentioned 9 = Inap. not EU28 (coded 0 in eu28),NA,NA,NA,X,,,standard,NA
ZA5998,5998,Eurobarometer 83.3,May,2015,qa5_8,qa5_8,IMPORTANT ISSUES EU: MEMBER FINANCES,,NA,0 = Not mentioned 1 = Mentioned 9 = Inap. not EU28 (coded 0 in eu28),NA,NA,NA,X,,,standard,NA
ZA5998,5998,Eurobarometer 83.3,May,2015,qa5_9,qa5_9,IMPORTANT ISSUES EU: IMMIGRATION,,NA,0 = Not mentioned 1 = Mentioned 9 = Inap. not EU28 (coded 0 in eu28),NA,NA,NA,X,,,standard,NA
ZA5998,5998,Eurobarometer 83.3,May,2015,qa5_10,qa5_10,IMPORTANT ISSUES EU: PENSIONS,,NA,0 = Not mentioned 1 = Mentioned 9 = Inap. not EU28 (coded 0 in eu28),NA,NA,NA,X,,,standard,NA
ZA5998,5998,Eurobarometer 83.3,May,2015,qa5_11,qa5_11,IMPORTANT ISSUES EU: THE ENVIRONMENT,,NA,0 = Not mentioned 1 = Mentioned 9 = Inap. not EU28 (coded 0 in eu28),NA,NA,NA,X,,,standard,NA
ZA5998,5998,Eurobarometer 83.3,May,2015,qa5_12,qa5_12,IMPORTANT ISSUES EU: ENERGY SUPPLY,,NA,0 = Not mentioned 1 = Mentioned 9 = Inap. not EU28 (coded 0 in eu28),NA,NA,NA,X,,,standard,NA
ZA5998,5998,Eurobarometer 83.3,May,2015,qa5_13,qa5_13,IMPORTANT ISSUES EU: CLIMATE CHANGE,,NA,0 = Not mentioned 1 = Mentioned 9 = Inap. not EU28 (coded 0 in eu28),NA,NA,NA,X,,,standard,NA
ZA5998,5998,Eurobarometer 83.3,May,2015,qa5_14,qa5_14,IMPORTANT ISSUES EU: OTHER (SPONT),,NA,0 = Not mentioned 1 = Mentioned 9 = Inap. not EU28 (coded 0 in eu28),NA,NA,NA,X,,,standard,NA
ZA5998,5998,Eurobarometer 83.3,May,2015,qa5_15,qa5_15,IMPORTANT ISSUES EU: NONE (SPONT),,NA,0 = Not mentioned 1 = Mentioned 9 = Inap. not EU28 (coded 0 in eu28),NA,NA,NA,X,,,standard,NA
ZA5998,5998,Eurobarometer 83.3,May,2015,qa5_16,qa5_16,IMPORTANT ISSUES EU: DK,,NA,0 = Not mentioned 1 = Mentioned 9 = Inap. not EU28 (coded 0 in eu28),NA,NA,NA,X,,,standard,NA
ZA6643,6643,Eurobarometer 84.3,November,2015,isocntry,isocntry,COUNTRY CODE - ISO 3166,,isocntry, = AL  = AT  = BE  = BG  = CY  = CY-TCC  = CZ  = DE-E  = DE-W  = DK  = EE  = ES  = FI  = FR  = GB-GBN  = GB-NIR  = GR  = HR  = HU  = IE  = IT  = LT  = LU  = LV  = ME  = MK  = MT  = NL  = PL  = PT  = RO  = RS  = SE  = SI  = SK  = TR,NA,NA,NA,X,,,standard,NA
ZA6643,6643,Eurobarometer 84.3,November,2015,qa3a_1,qa3a_1,IMPORTANT ISSUES CNTRY: CRIME,,NA,0 = Not mentioned 1 = Mentioned 9 = Inap. (CY-TCC in isocntry),NA,NA,NA,X,,,standard,NA
ZA6643,6643,Eurobarometer 84.3,November,2015,qa3a_2,qa3a_2,IMPORTANT ISSUES CNTRY: ECONOMIC SITUATION,,NA,0 = Not mentioned 1 = Mentioned 9 = Inap. (CY-TCC in isocntry),NA,NA,NA,X,,,standard,NA
ZA6643,6643,Eurobarometer 84.3,November,2015,qa3a_3,qa3a_3,IMPORTANT ISSUES CNTRY: RISING PRICES/INFLATION/COST OF LIVING,,NA,0 = Not mentioned 1 = Mentioned 9 = Inap. (CY-TCC in isocntry),NA,NA,NA,X,,,standard,NA
ZA6643,6643,Eurobarometer 84.3,November,2015,qa3a_4,qa3a_4,IMPORTANT ISSUES CNTRY: TAXATION,,NA,0 = Not mentioned 1 = Mentioned 9 = Inap. (CY-TCC in isocntry),NA,NA,NA,X,,,standard,NA
ZA6643,6643,Eurobarometer 84.3,November,2015,qa3a_5,qa3a_5,IMPORTANT ISSUES CNTRY: UNEMPLOYMENT,,NA,0 = Not mentioned 1 = Mentioned 9 = Inap. (CY-TCC in isocntry),NA,NA,NA,X,,,standard,NA
ZA6643,6643,Eurobarometer 84.3,November,2015,qa3a_6,qa3a_6,IMPORTANT ISSUES CNTRY: TERRORISM,,NA,0 = Not mentioned 1 = Mentioned 9 = Inap. (CY-TCC in isocntry),NA,NA,NA,X,,,standard,NA
ZA6643,6643,Eurobarometer 84.3,November,2015,qa3a_7,qa3a_7,IMPORTANT ISSUES CNTRY: HOUSING,,NA,0 = Not mentioned 1 = Mentioned 9 = Inap. (CY-TCC in isocntry),NA,NA,NA,X,,,standard,NA
ZA6643,6643,Eurobarometer 84.3,November,2015,qa3a_8,qa3a_8,IMPORTANT ISSUES CNTRY: GOVERNMENT DEBT,,NA,0 = Not mentioned 1 = Mentioned 9 = Inap. (CY-TCC in isocntry),NA,NA,NA,X,,,standard,NA
ZA6643,6643,Eurobarometer 84.3,November,2015,qa3a_9,qa3a_9,IMPORTANT ISSUES CNTRY: IMMIGRATION,,NA,0 = Not mentioned 1 = Mentioned 9 = Inap. (CY-TCC in isocntry),NA,NA,NA,X,,,standard,NA
ZA6643,6643,Eurobarometer 84.3,November,2015,qa3a_10,qa3a_10,IMPORTANT ISSUES CNTRY: HEALTH & SOC SECURITY,,NA,0 = Not mentioned 1 = Mentioned 9 = Inap. (CY-TCC in isocntry),NA,NA,NA,X,,,standard,NA
ZA6643,6643,Eurobarometer 84.3,November,2015,qa3a_11,qa3a_11,IMPORTANT ISSUES CNTRY: EDUCATION SYSTEM,,NA,0 = Not mentioned 1 = Mentioned 9 = Inap. (CY-TCC in isocntry),NA,NA,NA,X,,,standard,NA
ZA6643,6643,Eurobarometer 84.3,November,2015,qa3a_12,qa3a_12,IMPORTANT ISSUES CNTRY: PENSIONS,,NA,0 = Not mentioned 1 = Mentioned 9 = Inap. (CY-TCC in isocntry),NA,NA,NA,X,,,standard,NA
ZA6643,6643,Eurobarometer 84.3,November,2015,qa3a_13,qa3a_13,IMPORTANT ISSUES CNTRY: THE ENVIRONMENT,,NA,0 = Not mentioned 1 = Mentioned 9 = Inap. (CY-TCC in isocntry),NA,NA,NA,X,,,standard,NA
ZA6643,6643,Eurobarometer 84.3,November,2015,qa3a_14,qa3a_14,IMPORTANT ISSUES CNTRY: OTHER (SPONT),,NA,0 = Not mentioned 1 = Mentioned 9 = Inap. (CY-TCC in isocntry),NA,NA,NA,X,,,standard,NA
ZA6643,6643,Eurobarometer 84.3,November,2015,qa3a_15,qa3a_15,IMPORTANT ISSUES CNTRY: NONE (SPONT),,NA,0 = Not mentioned 1 = Mentioned 9 = Inap. (CY-TCC in isocntry),NA,NA,NA,X,,,standard,NA
ZA6643,6643,Eurobarometer 84.3,November,2015,qa3a_16,qa3a_16,IMPORTANT ISSUES CNTRY: DK,,NA,0 = Not mentioned 1 = Mentioned 9 = Inap. (CY-TCC in isocntry),NA,NA,NA,X,,,standard,NA
ZA6643,6643,Eurobarometer 84.3,November,2015,qa4a_1,qa4a_1,IMPORTANT ISSUES PERS: CRIME,,NA,0 = Not mentioned 1 = Mentioned 9 = Inap. (CY-TCC in isocntry),NA,NA,NA,X,,,standard,NA
ZA6643,6643,Eurobarometer 84.3,November,2015,qa4a_2,qa4a_2,IMPORTANT ISSUES PERS: ECONOMIC SITUATION CNTRY,,NA,0 = Not mentioned 1 = Mentioned 9 = Inap. (CY-TCC in isocntry),NA,NA,NA,X,,,standard,NA
ZA6643,6643,Eurobarometer 84.3,November,2015,qa4a_3,qa4a_3,IMPORTANT ISSUES PERS: RISING PRICES/INFLATION/COST OF LIVING,,NA,0 = Not mentioned 1 = Mentioned 9 = Inap. (CY-TCC in isocntry),NA,NA,NA,X,,,standard,NA
ZA6643,6643,Eurobarometer 84.3,November,2015,qa4a_4,qa4a_4,IMPORTANT ISSUES PERS: TAXATION,,NA,0 = Not mentioned 1 = Mentioned 9 = Inap. (CY-TCC in isocntry),NA,NA,NA,X,,,standard,NA
ZA6643,6643,Eurobarometer 84.3,November,2015,qa4a_5,qa4a_5,IMPORTANT ISSUES PERS: UNEMPLOYMENT,,NA,0 = Not mentioned 1 = Mentioned 9 = Inap. (CY-TCC in isocntry),NA,NA,NA,X,,,standard,NA
ZA6643,6643,Eurobarometer 84.3,November,2015,qa4a_6,qa4a_6,IMPORTANT ISSUES PERS: TERRORISM,,NA,0 = Not mentioned 1 = Mentioned 9 = Inap. (CY-TCC in isocntry),NA,NA,NA,X,,,standard,NA
ZA6643,6643,Eurobarometer 84.3,November,2015,qa4a_7,qa4a_7,IMPORTANT ISSUES PERS: HOUSING,,NA,0 = Not mentioned 1 = Mentioned 9 = Inap. (CY-TCC in isocntry),NA,NA,NA,X,,,standard,NA
ZA6643,6643,Eurobarometer 84.3,November,2015,qa4a_8,qa4a_8,IMPORTANT ISSUES PERS: FINANCIAL SIT HH,,NA,0 = Not mentioned 1 = Mentioned 9 = Inap. (CY-TCC in isocntry),NA,NA,NA,X,,,standard,NA
ZA6643,6643,Eurobarometer 84.3,November,2015,qa4a_9,qa4a_9,IMPORTANT ISSUES PERS: IMMIGRATION,,NA,0 = Not mentioned 1 = Mentioned 9 = Inap. (CY-TCC in isocntry),NA,NA,NA,X,,,standard,NA
ZA6643,6643,Eurobarometer 84.3,November,2015,qa4a_10,qa4a_10,IMPORTANT ISSUES PERS: HEALTH & SOC SECURITY,,NA,0 = Not mentioned 1 = Mentioned 9 = Inap. (CY-TCC in isocntry),NA,NA,NA,X,,,standard,NA
ZA6643,6643,Eurobarometer 84.3,November,2015,qa4a_11,qa4a_11,IMPORTANT ISSUES PERS: EDUCATION SYSTEM,,NA,0 = Not mentioned 1 = Mentioned 9 = Inap. (CY-TCC in isocntry),NA,NA,NA,X,,,standard,NA
ZA6643,6643,Eurobarometer 84.3,November,2015,qa4a_12,qa4a_12,IMPORTANT ISSUES PERS: THE ENVIRONMENT,,NA,0 = Not mentioned 1 = Mentioned 9 = Inap. (CY-TCC in isocntry),NA,NA,NA,X,,,standard,NA
ZA6643,6643,Eurobarometer 84.3,November,2015,qa4a_13,qa4a_13,IMPORTANT ISSUES PERS: PENSIONS,,NA,0 = Not mentioned 1 = Mentioned 9 = Inap. (CY-TCC in isocntry),NA,NA,NA,X,,,standard,NA
ZA6643,6643,Eurobarometer 84.3,November,2015,qa4a_14,qa4a_14,IMPORTANT ISSUES PERS: WORKING CONDITIONS,,NA,0 = Not mentioned 1 = Mentioned 9 = Inap. (CY-TCC in isocntry),NA,NA,NA,X,,,standard,NA
ZA6643,6643,Eurobarometer 84.3,November,2015,qa4a_15,qa4a_15,IMPORTANT ISSUES PERS: LIVING CONDITIONS,,NA,0 = Not mentioned 1 = Mentioned 9 = Inap. (CY-TCC in isocntry),NA,NA,NA,X,,,standard,NA
ZA6643,6643,Eurobarometer 84.3,November,2015,qa4a_16,qa4a_16,IMPORTANT ISSUES PERS: OTHER (SPONT),,NA,0 = Not mentioned 1 = Mentioned 9 = Inap. (CY-TCC in isocntry),NA,NA,NA,X,,,standard,NA
ZA6643,6643,Eurobarometer 84.3,November,2015,qa4a_17,qa4a_17,IMPORTANT ISSUES PERS: NONE (SPONT),,NA,0 = Not mentioned 1 = Mentioned 9 = Inap. (CY-TCC in isocntry),NA,NA,NA,X,,,standard,NA
ZA6643,6643,Eurobarometer 84.3,November,2015,qa4a_18,qa4a_18,IMPORTANT ISSUES PERS: DK,,NA,0 = Not mentioned 1 = Mentioned 9 = Inap. (CY-TCC in isocntry),NA,NA,NA,X,,,standard,NA
ZA6643,6643,Eurobarometer 84.3,November,2015,qa3b_1,qa3b_1,IMPORTANT ISSUES TCC: CRIME,,NA,0 = Not mentioned 1 = Mentioned 9 = Inap. (not CY-TCC in isocntry),NA,NA,NA,X,,,standard,NA
ZA6643,6643,Eurobarometer 84.3,November,2015,qa3b_2,qa3b_2,IMPORTANT ISSUES TCC: ECONOMIC SITUATION,,NA,0 = Not mentioned 1 = Mentioned 9 = Inap. (not CY-TCC in isocntry),NA,NA,NA,X,,,standard,NA
ZA6643,6643,Eurobarometer 84.3,November,2015,qa3b_3,qa3b_3,IMPORTANT ISSUES TCC: RISING PRICES/INFLATION/COST OF LIVING,,NA,0 = Not mentioned 1 = Mentioned 9 = Inap. (not CY-TCC in isocntry),NA,NA,NA,X,,,standard,NA
ZA6643,6643,Eurobarometer 84.3,November,2015,qa3b_4,qa3b_4,IMPORTANT ISSUES TCC: TAXATION,,NA,0 = Not mentioned 1 = Mentioned 9 = Inap. (not CY-TCC in isocntry),NA,NA,NA,X,,,standard,NA
ZA6643,6643,Eurobarometer 84.3,November,2015,qa3b_5,qa3b_5,IMPORTANT ISSUES TCC: UNEMPLOYMENT,,NA,0 = Not mentioned 1 = Mentioned 9 = Inap. (not CY-TCC in isocntry),NA,NA,NA,X,,,standard,NA
ZA6643,6643,Eurobarometer 84.3,November,2015,qa3b_6,qa3b_6,IMPORTANT ISSUES TCC: TERRORISM,,NA,0 = Not mentioned 1 = Mentioned 9 = Inap. (not CY-TCC in isocntry),NA,NA,NA,X,,,standard,NA
ZA6643,6643,Eurobarometer 84.3,November,2015,qa3b_7,qa3b_7,IMPORTANT ISSUES TCC: HOUSING,,NA,0 = Not mentioned 1 = Mentioned 9 = Inap. (not CY-TCC in isocntry),NA,NA,NA,X,,,standard,NA
ZA6643,6643,Eurobarometer 84.3,November,2015,qa3b_8,qa3b_8,IMPORTANT ISSUES TCC: CYPRUS ISSUE,,NA,0 = Not mentioned 1 = Mentioned 9 = Inap. (not CY-TCC in isocntry),NA,NA,NA,X,,,standard,NA
ZA6643,6643,Eurobarometer 84.3,November,2015,qa3b_9,qa3b_9,IMPORTANT ISSUES TCC: IMMIGRATION,,NA,0 = Not mentioned 1 = Mentioned 9 = Inap. (not CY-TCC in isocntry),NA,NA,NA,X,,,standard,NA
ZA6643,6643,Eurobarometer 84.3,November,2015,qa3b_10,qa3b_10,IMPORTANT ISSUES TCC: HEALTH & SOC SECURITY,,NA,0 = Not mentioned 1 = Mentioned 9 = Inap. (not CY-TCC in isocntry),NA,NA,NA,X,,,standard,NA
ZA6643,6643,Eurobarometer 84.3,November,2015,qa3b_11,qa3b_11,IMPORTANT ISSUES TCC: EDUCATION SYSTEM,,NA,0 = Not mentioned 1 = Mentioned 9 = Inap. (not CY-TCC in isocntry),NA,NA,NA,X,,,standard,NA
ZA6643,6643,Eurobarometer 84.3,November,2015,qa3b_12,qa3b_12,IMPORTANT ISSUES TCC: PENSIONS,,NA,0 = Not mentioned 1 = Mentioned 9 = Inap. (not CY-TCC in isocntry),NA,NA,NA,X,,,standard,NA
ZA6643,6643,Eurobarometer 84.3,November,2015,qa3b_13,qa3b_13,IMPORTANT ISSUES TCC: THE ENVIRONMENT,,NA,0 = Not mentioned 1 = Mentioned 9 = Inap. (not CY-TCC in isocntry),NA,NA,NA,X,,,standard,NA
ZA6643,6643,Eurobarometer 84.3,November,2015,qa3b_14,qa3b_14,IMPORTANT ISSUES TCC: OTHER (SPONT),,NA,0 = Not mentioned 1 = Mentioned (not coded) 9 = Inap. (not CY-TCC in isocntry),NA,NA,NA,X,,,standard,NA
ZA6643,6643,Eurobarometer 84.3,November,2015,qa3b_15,qa3b_15,IMPORTANT ISSUES TCC: NONE (SPONT),,NA,0 = Not mentioned 1 = Mentioned (not coded) 9 = Inap. (not CY-TCC in isocntry),NA,NA,NA,X,,,standard,NA
ZA6643,6643,Eurobarometer 84.3,November,2015,qa3b_16,qa3b_16,IMPORTANT ISSUES TCC: DK,,NA,0 = Not mentioned 1 = Mentioned 9 = Inap. (not CY-TCC in isocntry),NA,NA,NA,X,,,standard,NA
ZA6643,6643,Eurobarometer 84.3,November,2015,qa4b_1,qa4b_1,IMPORTANT ISSUES PERS: CRIME (TCC),,NA,0 = Not mentioned 1 = Mentioned 9 = Inap. (not CY-TCC in isocntry),NA,NA,NA,X,,,standard,NA
ZA6643,6643,Eurobarometer 84.3,November,2015,qa4b_2,qa4b_2,IMPORTANT ISSUES PERS: ECONOMIC SITUATION (TCC),,NA,0 = Not mentioned 1 = Mentioned 9 = Inap. (not CY-TCC in isocntry),NA,NA,NA,X,,,standard,NA
ZA6643,6643,Eurobarometer 84.3,November,2015,qa4b_3,qa4b_3,IMPORTANT ISSUES PERS: RISING PRICES/INFLATION/COST OF LIVING (TCC),,NA,0 = Not mentioned 1 = Mentioned 9 = Inap. (not CY-TCC in isocntry),NA,NA,NA,X,,,standard,NA
ZA6643,6643,Eurobarometer 84.3,November,2015,qa4b_4,qa4b_4,IMPORTANT ISSUES PERS: TAXATION (TCC),,NA,0 = Not mentioned 1 = Mentioned 9 = Inap. (not CY-TCC in isocntry),NA,NA,NA,X,,,standard,NA
ZA6643,6643,Eurobarometer 84.3,November,2015,qa4b_5,qa4b_5,IMPORTANT ISSUES PERS: UNEMPLOYMENT (TCC),,NA,0 = Not mentioned 1 = Mentioned 9 = Inap. (not CY-TCC in isocntry),NA,NA,NA,X,,,standard,NA
ZA6643,6643,Eurobarometer 84.3,November,2015,qa4b_6,qa4b_6,IMPORTANT ISSUES PERS: TERRORISM (TCC),,NA,0 = Not mentioned 1 = Mentioned 9 = Inap. (not CY-TCC in isocntry),NA,NA,NA,X,,,standard,NA
ZA6643,6643,Eurobarometer 84.3,November,2015,qa4b_7,qa4b_7,IMPORTANT ISSUES PERS: CYPRUS ISSUE (TCC),,NA,0 = Not mentioned 1 = Mentioned 9 = Inap. (not CY-TCC in isocntry),NA,NA,NA,X,,,standard,NA
ZA6643,6643,Eurobarometer 84.3,November,2015,qa4b_8,qa4b_8,IMPORTANT ISSUES PERS: HOUSING (TCC),,NA,0 = Not mentioned 1 = Mentioned 9 = Inap. (not CY-TCC in isocntry),NA,NA,NA,X,,,standard,NA
ZA6643,6643,Eurobarometer 84.3,November,2015,qa4b_9,qa4b_9,IMPORTANT ISSUES PERS: FINANCIAL SIT HH (TCC),,NA,0 = Not mentioned 1 = Mentioned 9 = Inap. (not CY-TCC in isocntry),NA,NA,NA,X,,,standard,NA
ZA6643,6643,Eurobarometer 84.3,November,2015,qa4b_10,qa4b_10,IMPORTANT ISSUES PERS: IMMIGRATION (TCC),,NA,0 = Not mentioned 1 = Mentioned 9 = Inap. (not CY-TCC in isocntry),NA,NA,NA,X,,,standard,NA
ZA6643,6643,Eurobarometer 84.3,November,2015,qa4b_11,qa4b_11,IMPORTANT ISSUES PERS: HEALTH & SOC SECURITY (TCC),,NA,0 = Not mentioned 1 = Mentioned 9 = Inap. (not CY-TCC in isocntry),NA,NA,NA,X,,,standard,NA
ZA6643,6643,Eurobarometer 84.3,November,2015,qa4b_12,qa4b_12,IMPORTANT ISSUES PERS: EDUCATION SYSTEM (TCC),,NA,0 = Not mentioned 1 = Mentioned 9 = Inap. (not CY-TCC in isocntry),NA,NA,NA,X,,,standard,NA
ZA6643,6643,Eurobarometer 84.3,November,2015,qa4b_13,qa4b_13,IMPORTANT ISSUES PERS: THE ENVIRONMENT (TCC),,NA,0 = Not mentioned 1 = Mentioned 9 = Inap. (not CY-TCC in isocntry),NA,NA,NA,X,,,standard,NA
ZA6643,6643,Eurobarometer 84.3,November,2015,qa4b_14,qa4b_14,IMPORTANT ISSUES PERS: WORKING CONDITIONS (TCC),,NA,0 = Not mentioned 1 = Mentioned 9 = Inap. (not CY-TCC in isocntry),NA,NA,NA,X,,,standard,NA
ZA6643,6643,Eurobarometer 84.3,November,2015,qa4b_15,qa4b_15,IMPORTANT ISSUES PERS: LIVING CONDITIONS (TCC),,NA,0 = Not mentioned 1 = Mentioned 9 = Inap. (not CY-TCC in isocntry),NA,NA,NA,X,,,standard,NA
ZA6643,6643,Eurobarometer 84.3,November,2015,qa4b_16,qa4b_16,IMPORTANT ISSUES PERS: OTHER (SPONT) (TCC),,NA,0 = Not mentioned 1 = Mentioned 9 = Inap. (not CY-TCC in isocntry),NA,NA,NA,X,,,standard,NA
ZA6643,6643,Eurobarometer 84.3,November,2015,qa4b_17,qa4b_17,IMPORTANT ISSUES PERS: NONE (SPONT) (TCC),,NA,0 = Not mentioned 1 = Mentioned 9 = Inap. (not CY-TCC in isocntry),NA,NA,NA,X,,,standard,NA
ZA6643,6643,Eurobarometer 84.3,November,2015,qa4b_18,qa4b_18,IMPORTANT ISSUES PERS: DK (TCC),,NA,0 = Not mentioned 1 = Mentioned 9 = Inap. (not CY-TCC in isocntry),NA,NA,NA,X,,,standard,NA
ZA6643,6643,Eurobarometer 84.3,November,2015,qa5_1,qa5_1,IMPORTANT ISSUES EU: CRIME,,NA,0 = Not mentioned 1 = Mentioned 9 = Inap. not EU28 (coded 0 in eu28),NA,NA,NA,X,,,standard,NA
ZA6643,6643,Eurobarometer 84.3,November,2015,qa5_2,qa5_2,IMPORTANT ISSUES EU: ECONOMIC SITUATION,,NA,0 = Not mentioned 1 = Mentioned 9 = Inap. not EU28 (coded 0 in eu28),NA,NA,NA,X,,,standard,NA
ZA6643,6643,Eurobarometer 84.3,November,2015,qa5_3,qa5_3,IMPORTANT ISSUES EU: RISING PRICES/INFLATION/COST OF LIVING,,NA,0 = Not mentioned 1 = Mentioned 9 = Inap. not EU28 (coded 0 in eu28),NA,NA,NA,X,,,standard,NA
ZA6643,6643,Eurobarometer 84.3,November,2015,qa5_4,qa5_4,IMPORTANT ISSUES EU: TAXATION,,NA,0 = Not mentioned 1 = Mentioned 9 = Inap. not EU28 (coded 0 in eu28),NA,NA,NA,X,,,standard,NA
ZA6643,6643,Eurobarometer 84.3,November,2015,qa5_5,qa5_5,IMPORTANT ISSUES EU: UNEMPLOYMENT,,NA,0 = Not mentioned 1 = Mentioned 9 = Inap. not EU28 (coded 0 in eu28),NA,NA,NA,X,,,standard,NA
ZA6643,6643,Eurobarometer 84.3,November,2015,qa5_6,qa5_6,IMPORTANT ISSUES EU: TERRORISM,,NA,0 = Not mentioned 1 = Mentioned 9 = Inap. not EU28 (coded 0 in eu28),NA,NA,NA,X,,,standard,NA
ZA6643,6643,Eurobarometer 84.3,November,2015,qa5_7,qa5_7,IMPORTANT ISSUES EU: INFLUENCE IN THE WORLD,,NA,0 = Not mentioned 1 = Mentioned 9 = Inap. not EU28 (coded 0 in eu28),NA,NA,NA,X,,,standard,NA
ZA6643,6643,Eurobarometer 84.3,November,2015,qa5_8,qa5_8,IMPORTANT ISSUES EU: MEMBER FINANCES,,NA,0 = Not mentioned 1 = Mentioned 9 = Inap. not EU28 (coded 0 in eu28),NA,NA,NA,X,,,standard,NA
ZA6643,6643,Eurobarometer 84.3,November,2015,qa5_9,qa5_9,IMPORTANT ISSUES EU: IMMIGRATION,,NA,0 = Not mentioned 1 = Mentioned 9 = Inap. not EU28 (coded 0 in eu28),NA,NA,NA,X,,,standard,NA
ZA6643,6643,Eurobarometer 84.3,November,2015,qa5_10,qa5_10,IMPORTANT ISSUES EU: PENSIONS,,NA,0 = Not mentioned 1 = Mentioned 9 = Inap. not EU28 (coded 0 in eu28),NA,NA,NA,X,,,standard,NA
ZA6643,6643,Eurobarometer 84.3,November,2015,qa5_11,qa5_11,IMPORTANT ISSUES EU: THE ENVIRONMENT,,NA,0 = Not mentioned 1 = Mentioned 9 = Inap. not EU28 (coded 0 in eu28),NA,NA,NA,X,,,standard,NA
ZA6643,6643,Eurobarometer 84.3,November,2015,qa5_12,qa5_12,IMPORTANT ISSUES EU: ENERGY SUPPLY,,NA,0 = Not mentioned 1 = Mentioned 9 = Inap. not EU28 (coded 0 in eu28),NA,NA,NA,X,,,standard,NA
ZA6643,6643,Eurobarometer 84.3,November,2015,qa5_13,qa5_13,IMPORTANT ISSUES EU: CLIMATE CHANGE,,NA,0 = Not mentioned 1 = Mentioned 9 = Inap. not EU28 (coded 0 in eu28),NA,NA,NA,X,,,standard,NA
ZA6643,6643,Eurobarometer 84.3,November,2015,qa5_14,qa5_14,IMPORTANT ISSUES EU: OTHER (SPONT),,NA,0 = Not mentioned 1 = Mentioned 9 = Inap. not EU28 (coded 0 in eu28),NA,NA,NA,X,,,standard,NA
ZA6643,6643,Eurobarometer 84.3,November,2015,qa5_15,qa5_15,IMPORTANT ISSUES EU: NONE (SPONT),,NA,0 = Not mentioned 1 = Mentioned 9 = Inap. not EU28 (coded 0 in eu28),NA,NA,NA,X,,,standard,NA
ZA6643,6643,Eurobarometer 84.3,November,2015,qa5_16,qa5_16,IMPORTANT ISSUES EU: DK,,NA,0 = Not mentioned 1 = Mentioned 9 = Inap. not EU28 (coded 0 in eu28),NA,NA,NA,X,,,standard,NA
ZA6694,6694,Eurobarometer 85.2,May,2016,isocntry,isocntry,COUNTRY CODE - ISO 3166,,isocntry, = BE  = DK  = GR  = ES  = FI  = FR  = IE  = IT  = LU  = NL  = AT  = PT  = SE  = DE-W  = DE-E  = GB-GBN  = GB-NIR  = BG  = CY  = CZ  = EE  = HU  = LV  = LT  = MT  = PL  = RO  = SK  = SI  = TR  = HR  = CY-TCC  = MK  = ME  = RS  = AL,NA,NA,NA,X,,,standard,NA
ZA6694,6694,Eurobarometer 85.2,May,2016,qa3a_1,qa3a_1,IMPORTANT ISSUES CNTRY: CRIME,,NA,0 = Not mentioned 1 = Mentioned 9 = Inap. (CY-TCC in isocntry),NA,NA,NA,X,,,standard,NA
ZA6694,6694,Eurobarometer 85.2,May,2016,qa3a_2,qa3a_2,IMPORTANT ISSUES CNTRY: ECONOMIC SITUATION,,NA,0 = Not mentioned 1 = Mentioned 9 = Inap. (CY-TCC in isocntry),NA,NA,NA,X,,,standard,NA
ZA6694,6694,Eurobarometer 85.2,May,2016,qa3a_3,qa3a_3,IMPORTANT ISSUES CNTRY: RISING PRICES/INFLATION/COST OF LIVING,,NA,0 = Not mentioned 1 = Mentioned 9 = Inap. (CY-TCC in isocntry),NA,NA,NA,X,,,standard,NA
ZA6694,6694,Eurobarometer 85.2,May,2016,qa3a_4,qa3a_4,IMPORTANT ISSUES CNTRY: TAXATION,,NA,0 = Not mentioned 1 = Mentioned 9 = Inap. (CY-TCC in isocntry),NA,NA,NA,X,,,standard,NA
ZA6694,6694,Eurobarometer 85.2,May,2016,qa3a_5,qa3a_5,IMPORTANT ISSUES CNTRY: UNEMPLOYMENT,,NA,0 = Not mentioned 1 = Mentioned 9 = Inap. (CY-TCC in isocntry),NA,NA,NA,X,,,standard,NA
ZA6694,6694,Eurobarometer 85.2,May,2016,qa3a_6,qa3a_6,IMPORTANT ISSUES CNTRY: TERRORISM,,NA,0 = Not mentioned 1 = Mentioned 9 = Inap. (CY-TCC in isocntry),NA,NA,NA,X,,,standard,NA
ZA6694,6694,Eurobarometer 85.2,May,2016,qa3a_7,qa3a_7,IMPORTANT ISSUES CNTRY: HOUSING,,NA,0 = Not mentioned 1 = Mentioned 9 = Inap. (CY-TCC in isocntry),NA,NA,NA,X,,,standard,NA
ZA6694,6694,Eurobarometer 85.2,May,2016,qa3a_8,qa3a_8,IMPORTANT ISSUES CNTRY: GOVERNMENT DEBT,,NA,0 = Not mentioned 1 = Mentioned 9 = Inap. (CY-TCC in isocntry),NA,NA,NA,X,,,standard,NA
ZA6694,6694,Eurobarometer 85.2,May,2016,qa3a_9,qa3a_9,IMPORTANT ISSUES CNTRY: IMMIGRATION,,NA,0 = Not mentioned 1 = Mentioned 9 = Inap. (CY-TCC in isocntry),NA,NA,NA,X,,,standard,NA
ZA6694,6694,Eurobarometer 85.2,May,2016,qa3a_10,qa3a_10,IMPORTANT ISSUES CNTRY: HEALTH & SOC SECURITY,,NA,0 = Not mentioned 1 = Mentioned 9 = Inap. (CY-TCC in isocntry),NA,NA,NA,X,,,standard,NA
ZA6694,6694,Eurobarometer 85.2,May,2016,qa3a_11,qa3a_11,IMPORTANT ISSUES CNTRY: EDUCATION SYSTEM,,NA,0 = Not mentioned 1 = Mentioned 9 = Inap. (CY-TCC in isocntry),NA,NA,NA,X,,,standard,NA
ZA6694,6694,Eurobarometer 85.2,May,2016,qa3a_12,qa3a_12,IMPORTANT ISSUES CNTRY: PENSIONS,,NA,0 = Not mentioned 1 = Mentioned 9 = Inap. (CY-TCC in isocntry),NA,NA,NA,X,,,standard,NA
ZA6694,6694,Eurobarometer 85.2,May,2016,qa3a_13,qa3a_13,IMPORTANT ISSUES CNTRY: THE ENVIRONMENT,,NA,0 = Not mentioned 1 = Mentioned 9 = Inap. (CY-TCC in isocntry),NA,NA,NA,X,,,standard,NA
ZA6694,6694,Eurobarometer 85.2,May,2016,qa3a_14,qa3a_14,IMPORTANT ISSUES CNTRY: OTHER (SPONT),,NA,0 = Not mentioned 1 = Mentioned 9 = Inap. (CY-TCC in isocntry),NA,NA,NA,X,,,standard,NA
ZA6694,6694,Eurobarometer 85.2,May,2016,qa3a_15,qa3a_15,IMPORTANT ISSUES CNTRY: NONE (SPONT),,NA,0 = Not mentioned 1 = Mentioned 9 = Inap. (CY-TCC in isocntry),NA,NA,NA,X,,,standard,NA
ZA6694,6694,Eurobarometer 85.2,May,2016,qa3a_16,qa3a_16,IMPORTANT ISSUES CNTRY: DK,,NA,0 = Not mentioned 1 = Mentioned 9 = Inap. (CY-TCC in isocntry),NA,NA,NA,X,,,standard,NA
ZA6694,6694,Eurobarometer 85.2,May,2016,qa4a_1,qa4a_1,IMPORTANT ISSUES PERS: CRIME,,NA,0 = Not mentioned 1 = Mentioned 9 = Inap. (CY-TCC in isocntry),NA,NA,NA,X,,,standard,NA
ZA6694,6694,Eurobarometer 85.2,May,2016,qa4a_2,qa4a_2,IMPORTANT ISSUES PERS: ECONOMIC SITUATION CNTRY,,NA,0 = Not mentioned 1 = Mentioned 9 = Inap. (CY-TCC in isocntry),NA,NA,NA,X,,,standard,NA
ZA6694,6694,Eurobarometer 85.2,May,2016,qa4a_3,qa4a_3,IMPORTANT ISSUES PERS: RISING PRICES/INFLATION/COST OF LIVING,,NA,0 = Not mentioned 1 = Mentioned 9 = Inap. (CY-TCC in isocntry),NA,NA,NA,X,,,standard,NA
ZA6694,6694,Eurobarometer 85.2,May,2016,qa4a_4,qa4a_4,IMPORTANT ISSUES PERS: TAXATION,,NA,0 = Not mentioned 1 = Mentioned 9 = Inap. (CY-TCC in isocntry),NA,NA,NA,X,,,standard,NA
ZA6694,6694,Eurobarometer 85.2,May,2016,qa4a_5,qa4a_5,IMPORTANT ISSUES PERS: UNEMPLOYMENT,,NA,0 = Not mentioned 1 = Mentioned 9 = Inap. (CY-TCC in isocntry),NA,NA,NA,X,,,standard,NA
ZA6694,6694,Eurobarometer 85.2,May,2016,qa4a_6,qa4a_6,IMPORTANT ISSUES PERS: TERRORISM,,NA,0 = Not mentioned 1 = Mentioned 9 = Inap. (CY-TCC in isocntry),NA,NA,NA,X,,,standard,NA
ZA6694,6694,Eurobarometer 85.2,May,2016,qa4a_7,qa4a_7,IMPORTANT ISSUES PERS: HOUSING,,NA,0 = Not mentioned 1 = Mentioned 9 = Inap. (CY-TCC in isocntry),NA,NA,NA,X,,,standard,NA
ZA6694,6694,Eurobarometer 85.2,May,2016,qa4a_8,qa4a_8,IMPORTANT ISSUES PERS: FINANCIAL SIT HH,,NA,0 = Not mentioned 1 = Mentioned 9 = Inap. (CY-TCC in isocntry),NA,NA,NA,X,,,standard,NA
ZA6694,6694,Eurobarometer 85.2,May,2016,qa4a_9,qa4a_9,IMPORTANT ISSUES PERS: IMMIGRATION,,NA,0 = Not mentioned 1 = Mentioned 9 = Inap. (CY-TCC in isocntry),NA,NA,NA,X,,,standard,NA
ZA6694,6694,Eurobarometer 85.2,May,2016,qa4a_10,qa4a_10,IMPORTANT ISSUES PERS: HEALTH & SOC SECURITY,,NA,0 = Not mentioned 1 = Mentioned 9 = Inap. (CY-TCC in isocntry),NA,NA,NA,X,,,standard,NA
ZA6694,6694,Eurobarometer 85.2,May,2016,qa4a_11,qa4a_11,IMPORTANT ISSUES PERS: EDUCATION SYSTEM,,NA,0 = Not mentioned 1 = Mentioned 9 = Inap. (CY-TCC in isocntry),NA,NA,NA,X,,,standard,NA
ZA6694,6694,Eurobarometer 85.2,May,2016,qa4a_12,qa4a_12,IMPORTANT ISSUES PERS: THE ENVIRONMENT,,NA,0 = Not mentioned 1 = Mentioned 9 = Inap. (CY-TCC in isocntry),NA,NA,NA,X,,,standard,NA
ZA6694,6694,Eurobarometer 85.2,May,2016,qa4a_13,qa4a_13,IMPORTANT ISSUES PERS: PENSIONS,,NA,0 = Not mentioned 1 = Mentioned 9 = Inap. (CY-TCC in isocntry),NA,NA,NA,X,,,standard,NA
ZA6694,6694,Eurobarometer 85.2,May,2016,qa4a_14,qa4a_14,IMPORTANT ISSUES PERS: WORKING CONDITIONS,,NA,0 = Not mentioned 1 = Mentioned 9 = Inap. (CY-TCC in isocntry),NA,NA,NA,X,,,standard,NA
ZA6694,6694,Eurobarometer 85.2,May,2016,qa4a_15,qa4a_15,IMPORTANT ISSUES PERS: LIVING CONDITIONS,,NA,0 = Not mentioned 1 = Mentioned 9 = Inap. (CY-TCC in isocntry),NA,NA,NA,X,,,standard,NA
ZA6694,6694,Eurobarometer 85.2,May,2016,qa4a_16,qa4a_16,IMPORTANT ISSUES PERS: OTHER (SPONT),,NA,0 = Not mentioned 1 = Mentioned 9 = Inap. (CY-TCC in isocntry),NA,NA,NA,X,,,standard,NA
ZA6694,6694,Eurobarometer 85.2,May,2016,qa4a_17,qa4a_17,IMPORTANT ISSUES PERS: NONE (SPONT),,NA,0 = Not mentioned 1 = Mentioned 9 = Inap. (CY-TCC in isocntry),NA,NA,NA,X,,,standard,NA
ZA6694,6694,Eurobarometer 85.2,May,2016,qa4a_18,qa4a_18,IMPORTANT ISSUES PERS: DK,,NA,0 = Not mentioned 1 = Mentioned 9 = Inap. (CY-TCC in isocntry),NA,NA,NA,X,,,standard,NA
ZA6694,6694,Eurobarometer 85.2,May,2016,qa3b_1,qa3b_1,IMPORTANT ISSUES TCC: CRIME,,NA,0 = Not mentioned 1 = Mentioned 9 = Inap. (not CY-TCC in isocntry),NA,NA,NA,X,,,standard,NA
ZA6694,6694,Eurobarometer 85.2,May,2016,qa3b_2,qa3b_2,IMPORTANT ISSUES TCC: ECONOMIC SITUATION,,NA,0 = Not mentioned 1 = Mentioned 9 = Inap. (not CY-TCC in isocntry),NA,NA,NA,X,,,standard,NA
ZA6694,6694,Eurobarometer 85.2,May,2016,qa3b_3,qa3b_3,IMPORTANT ISSUES TCC: RISING PRICES/INFLATION/COST OF LIVING,,NA,0 = Not mentioned 1 = Mentioned 9 = Inap. (not CY-TCC in isocntry),NA,NA,NA,X,,,standard,NA
ZA6694,6694,Eurobarometer 85.2,May,2016,qa3b_4,qa3b_4,IMPORTANT ISSUES TCC: TAXATION,,NA,0 = Not mentioned 1 = Mentioned 9 = Inap. (not CY-TCC in isocntry),NA,NA,NA,X,,,standard,NA
ZA6694,6694,Eurobarometer 85.2,May,2016,qa3b_5,qa3b_5,IMPORTANT ISSUES TCC: UNEMPLOYMENT,,NA,0 = Not mentioned 1 = Mentioned 9 = Inap. (not CY-TCC in isocntry),NA,NA,NA,X,,,standard,NA
ZA6694,6694,Eurobarometer 85.2,May,2016,qa3b_6,qa3b_6,IMPORTANT ISSUES TCC: TERRORISM,,NA,0 = Not mentioned 1 = Mentioned 9 = Inap. (not CY-TCC in isocntry),NA,NA,NA,X,,,standard,NA
ZA6694,6694,Eurobarometer 85.2,May,2016,qa3b_7,qa3b_7,IMPORTANT ISSUES TCC: HOUSING,,NA,0 = Not mentioned 1 = Mentioned 9 = Inap. (not CY-TCC in isocntry),NA,NA,NA,X,,,standard,NA
ZA6694,6694,Eurobarometer 85.2,May,2016,qa3b_8,qa3b_8,IMPORTANT ISSUES TCC: CYPRUS ISSUE,,NA,0 = Not mentioned 1 = Mentioned 9 = Inap. (not CY-TCC in isocntry),NA,NA,NA,X,,,standard,NA
ZA6694,6694,Eurobarometer 85.2,May,2016,qa3b_9,qa3b_9,IMPORTANT ISSUES TCC: IMMIGRATION,,NA,0 = Not mentioned 1 = Mentioned 9 = Inap. (not CY-TCC in isocntry),NA,NA,NA,X,,,standard,NA
ZA6694,6694,Eurobarometer 85.2,May,2016,qa3b_10,qa3b_10,IMPORTANT ISSUES TCC: HEALTH & SOC SECURITY,,NA,0 = Not mentioned 1 = Mentioned 9 = Inap. (not CY-TCC in isocntry),NA,NA,NA,X,,,standard,NA
ZA6694,6694,Eurobarometer 85.2,May,2016,qa3b_11,qa3b_11,IMPORTANT ISSUES TCC: EDUCATION SYSTEM,,NA,0 = Not mentioned 1 = Mentioned 9 = Inap. (not CY-TCC in isocntry),NA,NA,NA,X,,,standard,NA
ZA6694,6694,Eurobarometer 85.2,May,2016,qa3b_12,qa3b_12,IMPORTANT ISSUES TCC: PENSIONS,,NA,0 = Not mentioned 1 = Mentioned 9 = Inap. (not CY-TCC in isocntry),NA,NA,NA,X,,,standard,NA
ZA6694,6694,Eurobarometer 85.2,May,2016,qa3b_13,qa3b_13,IMPORTANT ISSUES TCC: THE ENVIRONMENT,,NA,0 = Not mentioned 1 = Mentioned 9 = Inap. (not CY-TCC in isocntry),NA,NA,NA,X,,,standard,NA
ZA6694,6694,Eurobarometer 85.2,May,2016,qa3b_14,qa3b_14,IMPORTANT ISSUES TCC: OTHER (SPONT),,NA,0 = Not mentioned 1 = Mentioned (not coded) 9 = Inap. (not CY-TCC in isocntry),NA,NA,NA,X,,,standard,NA
ZA6694,6694,Eurobarometer 85.2,May,2016,qa3b_15,qa3b_15,IMPORTANT ISSUES TCC: NONE (SPONT),,NA,0 = Not mentioned 1 = Mentioned (not coded) 9 = Inap. (not CY-TCC in isocntry),NA,NA,NA,X,,,standard,NA
ZA6694,6694,Eurobarometer 85.2,May,2016,qa3b_16,qa3b_16,IMPORTANT ISSUES TCC: DK,,NA,0 = Not mentioned 1 = Mentioned (not coded) 9 = Inap. (not CY-TCC in isocntry),NA,NA,NA,X,,,standard,NA
ZA6694,6694,Eurobarometer 85.2,May,2016,qa4b_1,qa4b_1,IMPORTANT ISSUES PERS: CRIME (TCC),,NA,0 = Not mentioned 1 = Mentioned 9 = Inap. (not CY-TCC in isocntry),NA,NA,NA,X,,,standard,NA
ZA6694,6694,Eurobarometer 85.2,May,2016,qa4b_2,qa4b_2,IMPORTANT ISSUES PERS: ECONOMIC SITUATION (TCC),,NA,0 = Not mentioned 1 = Mentioned 9 = Inap. (not CY-TCC in isocntry),NA,NA,NA,X,,,standard,NA
ZA6694,6694,Eurobarometer 85.2,May,2016,qa4b_3,qa4b_3,IMPORTANT ISSUES PERS: RISING PRICES/INFLATION/COST OF LIVING (TCC),,NA,0 = Not mentioned 1 = Mentioned 9 = Inap. (not CY-TCC in isocntry),NA,NA,NA,X,,,standard,NA
ZA6694,6694,Eurobarometer 85.2,May,2016,qa4b_4,qa4b_4,IMPORTANT ISSUES PERS: TAXATION (TCC),,NA,0 = Not mentioned 1 = Mentioned 9 = Inap. (not CY-TCC in isocntry),NA,NA,NA,X,,,standard,NA
ZA6694,6694,Eurobarometer 85.2,May,2016,qa4b_5,qa4b_5,IMPORTANT ISSUES PERS: UNEMPLOYMENT (TCC),,NA,0 = Not mentioned 1 = Mentioned 9 = Inap. (not CY-TCC in isocntry),NA,NA,NA,X,,,standard,NA
ZA6694,6694,Eurobarometer 85.2,May,2016,qa4b_6,qa4b_6,IMPORTANT ISSUES PERS: TERRORISM (TCC),,NA,0 = Not mentioned 1 = Mentioned 9 = Inap. (not CY-TCC in isocntry),NA,NA,NA,X,,,standard,NA
ZA6694,6694,Eurobarometer 85.2,May,2016,qa4b_7,qa4b_7,IMPORTANT ISSUES PERS: CYPRUS ISSUE (TCC),,NA,0 = Not mentioned 1 = Mentioned 9 = Inap. (not CY-TCC in isocntry),NA,NA,NA,X,,,standard,NA
ZA6694,6694,Eurobarometer 85.2,May,2016,qa4b_8,qa4b_8,IMPORTANT ISSUES PERS: HOUSING (TCC),,NA,0 = Not mentioned 1 = Mentioned 9 = Inap. (not CY-TCC in isocntry),NA,NA,NA,X,,,standard,NA
ZA6694,6694,Eurobarometer 85.2,May,2016,qa4b_9,qa4b_9,IMPORTANT ISSUES PERS: FINANCIAL SIT HH (TCC),,NA,0 = Not mentioned 1 = Mentioned 9 = Inap. (not CY-TCC in isocntry),NA,NA,NA,X,,,standard,NA
ZA6694,6694,Eurobarometer 85.2,May,2016,qa4b_10,qa4b_10,IMPORTANT ISSUES PERS: IMMIGRATION (TCC),,NA,0 = Not mentioned 1 = Mentioned 9 = Inap. (not CY-TCC in isocntry),NA,NA,NA,X,,,standard,NA
ZA6694,6694,Eurobarometer 85.2,May,2016,qa4b_11,qa4b_11,IMPORTANT ISSUES PERS: HEALTH & SOC SECURITY (TCC),,NA,0 = Not mentioned 1 = Mentioned 9 = Inap. (not CY-TCC in isocntry),NA,NA,NA,X,,,standard,NA
ZA6694,6694,Eurobarometer 85.2,May,2016,qa4b_12,qa4b_12,IMPORTANT ISSUES PERS: EDUCATION SYSTEM (TCC),,NA,0 = Not mentioned 1 = Mentioned 9 = Inap. (not CY-TCC in isocntry),NA,NA,NA,X,,,standard,NA
ZA6694,6694,Eurobarometer 85.2,May,2016,qa4b_13,qa4b_13,IMPORTANT ISSUES PERS: THE ENVIRONMENT (TCC),,NA,0 = Not mentioned 1 = Mentioned 9 = Inap. (not CY-TCC in isocntry),NA,NA,NA,X,,,standard,NA
ZA6694,6694,Eurobarometer 85.2,May,2016,qa4b_14,qa4b_14,IMPORTANT ISSUES PERS: WORKING CONDITIONS (TCC),,NA,0 = Not mentioned 1 = Mentioned 9 = Inap. (not CY-TCC in isocntry),NA,NA,NA,X,,,standard,NA
ZA6694,6694,Eurobarometer 85.2,May,2016,qa4b_15,qa4b_15,IMPORTANT ISSUES PERS: LIVING CONDITIONS (TCC),,NA,0 = Not mentioned 1 = Mentioned 9 = Inap. (not CY-TCC in isocntry),NA,NA,NA,X,,,standard,NA
ZA6694,6694,Eurobarometer 85.2,May,2016,qa4b_16,qa4b_16,IMPORTANT ISSUES PERS: OTHER (SPONT) (TCC),,NA,0 = Not mentioned 1 = Mentioned 9 = Inap. (not CY-TCC in isocntry),NA,NA,NA,X,,,standard,NA
ZA6694,6694,Eurobarometer 85.2,May,2016,qa4b_17,qa4b_17,IMPORTANT ISSUES PERS: NONE (SPONT) (TCC),,NA,0 = Not mentioned 1 = Mentioned 9 = Inap. (not CY-TCC in isocntry),NA,NA,NA,X,,,standard,NA
ZA6694,6694,Eurobarometer 85.2,May,2016,qa4b_18,qa4b_18,IMPORTANT ISSUES PERS: DK (TCC),,NA,0 = Not mentioned 1 = Mentioned 9 = Inap. (not CY-TCC in isocntry),NA,NA,NA,X,,,standard,NA
ZA6694,6694,Eurobarometer 85.2,May,2016,qa5_1,qa5_1,IMPORTANT ISSUES EU: CRIME,,NA,0 = Not mentioned 1 = Mentioned 9 = Inap. not EU28 (coded 0 in eu28),NA,NA,NA,X,,,standard,NA
ZA6694,6694,Eurobarometer 85.2,May,2016,qa5_2,qa5_2,IMPORTANT ISSUES EU: ECONOMIC SITUATION,,NA,0 = Not mentioned 1 = Mentioned 9 = Inap. not EU28 (coded 0 in eu28),NA,NA,NA,X,,,standard,NA
ZA6694,6694,Eurobarometer 85.2,May,2016,qa5_3,qa5_3,IMPORTANT ISSUES EU: RISING PRICES/INFLATION/COST OF LIVING,,NA,0 = Not mentioned 1 = Mentioned 9 = Inap. not EU28 (coded 0 in eu28),NA,NA,NA,X,,,standard,NA
ZA6694,6694,Eurobarometer 85.2,May,2016,qa5_4,qa5_4,IMPORTANT ISSUES EU: TAXATION,,NA,0 = Not mentioned 1 = Mentioned 9 = Inap. not EU28 (coded 0 in eu28),NA,NA,NA,X,,,standard,NA
ZA6694,6694,Eurobarometer 85.2,May,2016,qa5_5,qa5_5,IMPORTANT ISSUES EU: UNEMPLOYMENT,,NA,0 = Not mentioned 1 = Mentioned 9 = Inap. not EU28 (coded 0 in eu28),NA,NA,NA,X,,,standard,NA
ZA6694,6694,Eurobarometer 85.2,May,2016,qa5_6,qa5_6,IMPORTANT ISSUES EU: TERRORISM,,NA,0 = Not mentioned 1 = Mentioned 9 = Inap. not EU28 (coded 0 in eu28),NA,NA,NA,X,,,standard,NA
ZA6694,6694,Eurobarometer 85.2,May,2016,qa5_7,qa5_7,IMPORTANT ISSUES EU: INFLUENCE IN THE WORLD,,NA,0 = Not mentioned 1 = Mentioned 9 = Inap. not EU28 (coded 0 in eu28),NA,NA,NA,X,,,standard,NA
ZA6694,6694,Eurobarometer 85.2,May,2016,qa5_8,qa5_8,IMPORTANT ISSUES EU: MEMBER FINANCES,,NA,0 = Not mentioned 1 = Mentioned 9 = Inap. not EU28 (coded 0 in eu28),NA,NA,NA,X,,,standard,NA
ZA6694,6694,Eurobarometer 85.2,May,2016,qa5_9,qa5_9,IMPORTANT ISSUES EU: IMMIGRATION,,NA,0 = Not mentioned 1 = Mentioned 9 = Inap. not EU28 (coded 0 in eu28),NA,NA,NA,X,,,standard,NA
ZA6694,6694,Eurobarometer 85.2,May,2016,qa5_10,qa5_10,IMPORTANT ISSUES EU: PENSIONS,,NA,0 = Not mentioned 1 = Mentioned 9 = Inap. not EU28 (coded 0 in eu28),NA,NA,NA,X,,,standard,NA
ZA6694,6694,Eurobarometer 85.2,May,2016,qa5_11,qa5_11,IMPORTANT ISSUES EU: THE ENVIRONMENT,,NA,0 = Not mentioned 1 = Mentioned 9 = Inap. not EU28 (coded 0 in eu28),NA,NA,NA,X,,,standard,NA
ZA6694,6694,Eurobarometer 85.2,May,2016,qa5_12,qa5_12,IMPORTANT ISSUES EU: ENERGY SUPPLY,,NA,0 = Not mentioned 1 = Mentioned 9 = Inap. not EU28 (coded 0 in eu28),NA,NA,NA,X,,,standard,NA
ZA6694,6694,Eurobarometer 85.2,May,2016,qa5_13,qa5_13,IMPORTANT ISSUES EU: CLIMATE CHANGE,,NA,0 = Not mentioned 1 = Mentioned 9 = Inap. not EU28 (coded 0 in eu28),NA,NA,NA,X,,,standard,NA
ZA6694,6694,Eurobarometer 85.2,May,2016,qa5_14,qa5_14,IMPORTANT ISSUES EU: OTHER (SPONT),,NA,0 = Not mentioned 1 = Mentioned 9 = Inap. not EU28 (coded 0 in eu28),NA,NA,NA,X,,,standard,NA
ZA6694,6694,Eurobarometer 85.2,May,2016,qa5_15,qa5_15,IMPORTANT ISSUES EU: NONE (SPONT),,NA,0 = Not mentioned 1 = Mentioned 9 = Inap. not EU28 (coded 0 in eu28),NA,NA,NA,X,,,standard,NA
ZA6694,6694,Eurobarometer 85.2,May,2016,qa5_16,qa5_16,IMPORTANT ISSUES EU: DK,,NA,0 = Not mentioned 1 = Mentioned 9 = Inap. not EU28 (coded 0 in eu28),NA,NA,NA,X,,,standard,NA
ZA6788,6788,Eurobarometer 86.2,November,2016,isocntry,isocntry,COUNTRY CODE - ISO 3166,,isocntry, = BE  = DK  = GR  = ES  = FI  = FR  = IE  = IT  = LU  = NL  = AT  = PT  = SE  = DE-W  = DE-E  = GB-GBN  = GB-NIR  = BG  = CY  = CZ  = EE  = HU  = LV  = LT  = MT  = PL  = RO  = SK  = SI  = TR  = HR  = CY-TCC  = MK  = ME  = RS  = AL,NA,NA,NA,X,,,standard,NA
ZA6788,6788,Eurobarometer 86.2,November,2016,qa3a_1,qa3a_1,IMPORTANT ISSUES CNTRY: CRIME,,NA,0 = Not mentioned 1 = Mentioned 9 = Inap. (CY-TCC in isocntry),NA,NA,NA,X,,,standard,NA
ZA6788,6788,Eurobarometer 86.2,November,2016,qa3a_2,qa3a_2,IMPORTANT ISSUES CNTRY: ECONOMIC SITUATION,,NA,0 = Not mentioned 1 = Mentioned 9 = Inap. (CY-TCC in isocntry),NA,NA,NA,X,,,standard,NA
ZA6788,6788,Eurobarometer 86.2,November,2016,qa3a_3,qa3a_3,IMPORTANT ISSUES CNTRY: RISING PRICES/INFLATION/COST OF LIVING,,NA,0 = Not mentioned 1 = Mentioned 9 = Inap. (CY-TCC in isocntry),NA,NA,NA,X,,,standard,NA
ZA6788,6788,Eurobarometer 86.2,November,2016,qa3a_4,qa3a_4,IMPORTANT ISSUES CNTRY: TAXATION,,NA,0 = Not mentioned 1 = Mentioned 9 = Inap. (CY-TCC in isocntry),NA,NA,NA,X,,,standard,NA
ZA6788,6788,Eurobarometer 86.2,November,2016,qa3a_5,qa3a_5,IMPORTANT ISSUES CNTRY: UNEMPLOYMENT,,NA,0 = Not mentioned 1 = Mentioned 9 = Inap. (CY-TCC in isocntry),NA,NA,NA,X,,,standard,NA
ZA6788,6788,Eurobarometer 86.2,November,2016,qa3a_6,qa3a_6,IMPORTANT ISSUES CNTRY: TERRORISM,,NA,0 = Not mentioned 1 = Mentioned 9 = Inap. (CY-TCC in isocntry),NA,NA,NA,X,,,standard,NA
ZA6788,6788,Eurobarometer 86.2,November,2016,qa3a_7,qa3a_7,IMPORTANT ISSUES CNTRY: HOUSING,,NA,0 = Not mentioned 1 = Mentioned 9 = Inap. (CY-TCC in isocntry),NA,NA,NA,X,,,standard,NA
ZA6788,6788,Eurobarometer 86.2,November,2016,qa3a_8,qa3a_8,IMPORTANT ISSUES CNTRY: GOVERNMENT DEBT,,NA,0 = Not mentioned 1 = Mentioned 9 = Inap. (CY-TCC in isocntry),NA,NA,NA,X,,,standard,NA
ZA6788,6788,Eurobarometer 86.2,November,2016,qa3a_9,qa3a_9,IMPORTANT ISSUES CNTRY: IMMIGRATION,,NA,0 = Not mentioned 1 = Mentioned 9 = Inap. (CY-TCC in isocntry),NA,NA,NA,X,,,standard,NA
ZA6788,6788,Eurobarometer 86.2,November,2016,qa3a_10,qa3a_10,IMPORTANT ISSUES CNTRY: HEALTH & SOC SECURITY,,NA,0 = Not mentioned 1 = Mentioned 9 = Inap. (CY-TCC in isocntry),NA,NA,NA,X,,,standard,NA
ZA6788,6788,Eurobarometer 86.2,November,2016,qa3a_11,qa3a_11,IMPORTANT ISSUES CNTRY: EDUCATION SYSTEM,,NA,0 = Not mentioned 1 = Mentioned 9 = Inap. (CY-TCC in isocntry),NA,NA,NA,X,,,standard,NA
ZA6788,6788,Eurobarometer 86.2,November,2016,qa3a_12,qa3a_12,IMPORTANT ISSUES CNTRY: PENSIONS,,NA,0 = Not mentioned 1 = Mentioned 9 = Inap. (CY-TCC in isocntry),NA,NA,NA,X,,,standard,NA
ZA6788,6788,Eurobarometer 86.2,November,2016,qa3a_13,qa3a_13,IMPORTANT ISSUES CNTRY: THE ENVIRONMENT,,NA,0 = Not mentioned 1 = Mentioned 9 = Inap. (CY-TCC in isocntry),NA,NA,NA,X,,,standard,NA
ZA6788,6788,Eurobarometer 86.2,November,2016,qa3a_14,qa3a_14,IMPORTANT ISSUES CNTRY: OTHER (SPONT),,NA,0 = Not mentioned 1 = Mentioned 9 = Inap. (CY-TCC in isocntry),NA,NA,NA,X,,,standard,NA
ZA6788,6788,Eurobarometer 86.2,November,2016,qa3a_15,qa3a_15,IMPORTANT ISSUES CNTRY: NONE (SPONT),,NA,0 = Not mentioned 1 = Mentioned 9 = Inap. (CY-TCC in isocntry),NA,NA,NA,X,,,standard,NA
ZA6788,6788,Eurobarometer 86.2,November,2016,qa3a_16,qa3a_16,IMPORTANT ISSUES CNTRY: DK,,NA,0 = Not mentioned 1 = Mentioned 9 = Inap. (CY-TCC in isocntry),NA,NA,NA,X,,,standard,NA
ZA6788,6788,Eurobarometer 86.2,November,2016,qa4a_1,qa4a_1,IMPORTANT ISSUES PERS: CRIME,,NA,0 = Not mentioned 1 = Mentioned 9 = Inap. (CY-TCC in isocntry),NA,NA,NA,X,,,standard,NA
ZA6788,6788,Eurobarometer 86.2,November,2016,qa4a_2,qa4a_2,IMPORTANT ISSUES PERS: ECONOMIC SITUATION CNTRY,,NA,0 = Not mentioned 1 = Mentioned 9 = Inap. (CY-TCC in isocntry),NA,NA,NA,X,,,standard,NA
ZA6788,6788,Eurobarometer 86.2,November,2016,qa4a_3,qa4a_3,IMPORTANT ISSUES PERS: RISING PRICES/INFLATION/COST OF LIVING,,NA,0 = Not mentioned 1 = Mentioned 9 = Inap. (CY-TCC in isocntry),NA,NA,NA,X,,,standard,NA
ZA6788,6788,Eurobarometer 86.2,November,2016,qa4a_4,qa4a_4,IMPORTANT ISSUES PERS: TAXATION,,NA,0 = Not mentioned 1 = Mentioned 9 = Inap. (CY-TCC in isocntry),NA,NA,NA,X,,,standard,NA
ZA6788,6788,Eurobarometer 86.2,November,2016,qa4a_5,qa4a_5,IMPORTANT ISSUES PERS: UNEMPLOYMENT,,NA,0 = Not mentioned 1 = Mentioned 9 = Inap. (CY-TCC in isocntry),NA,NA,NA,X,,,standard,NA
ZA6788,6788,Eurobarometer 86.2,November,2016,qa4a_6,qa4a_6,IMPORTANT ISSUES PERS: TERRORISM,,NA,0 = Not mentioned 1 = Mentioned 9 = Inap. (CY-TCC in isocntry),NA,NA,NA,X,,,standard,NA
ZA6788,6788,Eurobarometer 86.2,November,2016,qa4a_7,qa4a_7,IMPORTANT ISSUES PERS: HOUSING,,NA,0 = Not mentioned 1 = Mentioned 9 = Inap. (CY-TCC in isocntry),NA,NA,NA,X,,,standard,NA
ZA6788,6788,Eurobarometer 86.2,November,2016,qa4a_8,qa4a_8,IMPORTANT ISSUES PERS: FINANCIAL SIT HH,,NA,0 = Not mentioned 1 = Mentioned 9 = Inap. (CY-TCC in isocntry),NA,NA,NA,X,,,standard,NA
ZA6788,6788,Eurobarometer 86.2,November,2016,qa4a_9,qa4a_9,IMPORTANT ISSUES PERS: IMMIGRATION,,NA,0 = Not mentioned 1 = Mentioned 9 = Inap. (CY-TCC in isocntry),NA,NA,NA,X,,,standard,NA
ZA6788,6788,Eurobarometer 86.2,November,2016,qa4a_10,qa4a_10,IMPORTANT ISSUES PERS: HEALTH & SOC SECURITY,,NA,0 = Not mentioned 1 = Mentioned 9 = Inap. (CY-TCC in isocntry),NA,NA,NA,X,,,standard,NA
ZA6788,6788,Eurobarometer 86.2,November,2016,qa4a_11,qa4a_11,IMPORTANT ISSUES PERS: EDUCATION SYSTEM,,NA,0 = Not mentioned 1 = Mentioned 9 = Inap. (CY-TCC in isocntry),NA,NA,NA,X,,,standard,NA
ZA6788,6788,Eurobarometer 86.2,November,2016,qa4a_12,qa4a_12,IMPORTANT ISSUES PERS: THE ENVIRONMENT,,NA,0 = Not mentioned 1 = Mentioned 9 = Inap. (CY-TCC in isocntry),NA,NA,NA,X,,,standard,NA
ZA6788,6788,Eurobarometer 86.2,November,2016,qa4a_13,qa4a_13,IMPORTANT ISSUES PERS: PENSIONS,,NA,0 = Not mentioned 1 = Mentioned 9 = Inap. (CY-TCC in isocntry),NA,NA,NA,X,,,standard,NA
ZA6788,6788,Eurobarometer 86.2,November,2016,qa4a_14,qa4a_14,IMPORTANT ISSUES PERS: WORKING CONDITIONS,,NA,0 = Not mentioned 1 = Mentioned 9 = Inap. (CY-TCC in isocntry),NA,NA,NA,X,,,standard,NA
ZA6788,6788,Eurobarometer 86.2,November,2016,qa4a_15,qa4a_15,IMPORTANT ISSUES PERS: LIVING CONDITIONS,,NA,0 = Not mentioned 1 = Mentioned 9 = Inap. (CY-TCC in isocntry),NA,NA,NA,X,,,standard,NA
ZA6788,6788,Eurobarometer 86.2,November,2016,qa4a_16,qa4a_16,IMPORTANT ISSUES PERS: OTHER (SPONT),,NA,0 = Not mentioned 1 = Mentioned 9 = Inap. (CY-TCC in isocntry),NA,NA,NA,X,,,standard,NA
ZA6788,6788,Eurobarometer 86.2,November,2016,qa4a_17,qa4a_17,IMPORTANT ISSUES PERS: NONE (SPONT),,NA,0 = Not mentioned 1 = Mentioned 9 = Inap. (CY-TCC in isocntry),NA,NA,NA,X,,,standard,NA
ZA6788,6788,Eurobarometer 86.2,November,2016,qa4a_18,qa4a_18,IMPORTANT ISSUES PERS: DK,,NA,0 = Not mentioned 1 = Mentioned 9 = Inap. (CY-TCC in isocntry),NA,NA,NA,X,,,standard,NA
ZA6788,6788,Eurobarometer 86.2,November,2016,qa3b_1,qa3b_1,IMPORTANT ISSUES TCC: CRIME,,NA,0 = Not mentioned 1 = Mentioned 9 = Inap. (not CY-TCC in isocntry),NA,NA,NA,X,,,standard,NA
ZA6788,6788,Eurobarometer 86.2,November,2016,qa3b_2,qa3b_2,IMPORTANT ISSUES TCC: ECONOMIC SITUATION,,NA,0 = Not mentioned 1 = Mentioned 9 = Inap. (not CY-TCC in isocntry),NA,NA,NA,X,,,standard,NA
ZA6788,6788,Eurobarometer 86.2,November,2016,qa3b_3,qa3b_3,IMPORTANT ISSUES TCC: RISING PRICES/INFLATION/COST OF LIVING,,NA,0 = Not mentioned 1 = Mentioned 9 = Inap. (not CY-TCC in isocntry),NA,NA,NA,X,,,standard,NA
ZA6788,6788,Eurobarometer 86.2,November,2016,qa3b_4,qa3b_4,IMPORTANT ISSUES TCC: TAXATION,,NA,0 = Not mentioned 1 = Mentioned 9 = Inap. (not CY-TCC in isocntry),NA,NA,NA,X,,,standard,NA
ZA6788,6788,Eurobarometer 86.2,November,2016,qa3b_5,qa3b_5,IMPORTANT ISSUES TCC: UNEMPLOYMENT,,NA,0 = Not mentioned 1 = Mentioned 9 = Inap. (not CY-TCC in isocntry),NA,NA,NA,X,,,standard,NA
ZA6788,6788,Eurobarometer 86.2,November,2016,qa3b_6,qa3b_6,IMPORTANT ISSUES TCC: TERRORISM,,NA,0 = Not mentioned 1 = Mentioned 9 = Inap. (not CY-TCC in isocntry),NA,NA,NA,X,,,standard,NA
ZA6788,6788,Eurobarometer 86.2,November,2016,qa3b_7,qa3b_7,IMPORTANT ISSUES TCC: HOUSING,,NA,0 = Not mentioned 1 = Mentioned 9 = Inap. (not CY-TCC in isocntry),NA,NA,NA,X,,,standard,NA
ZA6788,6788,Eurobarometer 86.2,November,2016,qa3b_8,qa3b_8,IMPORTANT ISSUES TCC: CYPRUS ISSUE,,NA,0 = Not mentioned 1 = Mentioned 9 = Inap. (not CY-TCC in isocntry),NA,NA,NA,X,,,standard,NA
ZA6788,6788,Eurobarometer 86.2,November,2016,qa3b_9,qa3b_9,IMPORTANT ISSUES TCC: IMMIGRATION,,NA,0 = Not mentioned 1 = Mentioned 9 = Inap. (not CY-TCC in isocntry),NA,NA,NA,X,,,standard,NA
ZA6788,6788,Eurobarometer 86.2,November,2016,qa3b_10,qa3b_10,IMPORTANT ISSUES TCC: HEALTH & SOC SECURITY,,NA,0 = Not mentioned 1 = Mentioned 9 = Inap. (not CY-TCC in isocntry),NA,NA,NA,X,,,standard,NA
ZA6788,6788,Eurobarometer 86.2,November,2016,qa3b_11,qa3b_11,IMPORTANT ISSUES TCC: EDUCATION SYSTEM,,NA,0 = Not mentioned 1 = Mentioned 9 = Inap. (not CY-TCC in isocntry),NA,NA,NA,X,,,standard,NA
ZA6788,6788,Eurobarometer 86.2,November,2016,qa3b_12,qa3b_12,IMPORTANT ISSUES TCC: PENSIONS,,NA,0 = Not mentioned 1 = Mentioned 9 = Inap. (not CY-TCC in isocntry),NA,NA,NA,X,,,standard,NA
ZA6788,6788,Eurobarometer 86.2,November,2016,qa3b_13,qa3b_13,IMPORTANT ISSUES TCC: THE ENVIRONMENT,,NA,0 = Not mentioned 1 = Mentioned 9 = Inap. (not CY-TCC in isocntry),NA,NA,NA,X,,,standard,NA
ZA6788,6788,Eurobarometer 86.2,November,2016,qa3b_14,qa3b_14,IMPORTANT ISSUES TCC: OTHER (SPONT),,NA,0 = Not mentioned 1 = Mentioned 9 = Inap. (not CY-TCC in isocntry),NA,NA,NA,X,,,standard,NA
ZA6788,6788,Eurobarometer 86.2,November,2016,qa3b_15,qa3b_15,IMPORTANT ISSUES TCC: NONE (SPONT),,NA,0 = Not mentioned 1 = Mentioned (not coded) 9 = Inap. (not CY-TCC in isocntry),NA,NA,NA,X,,,standard,NA
ZA6788,6788,Eurobarometer 86.2,November,2016,qa3b_16,qa3b_16,IMPORTANT ISSUES TCC: DK,,NA,0 = Not mentioned 1 = Mentioned (not coded) 9 = Inap. (not CY-TCC in isocntry),NA,NA,NA,X,,,standard,NA
ZA6788,6788,Eurobarometer 86.2,November,2016,qa4b_1,qa4b_1,IMPORTANT ISSUES PERS: CRIME (TCC),,NA,0 = Not mentioned 1 = Mentioned 9 = Inap. (not CY-TCC in isocntry),NA,NA,NA,X,,,standard,NA
ZA6788,6788,Eurobarometer 86.2,November,2016,qa4b_2,qa4b_2,IMPORTANT ISSUES PERS: ECONOMIC SITUATION (TCC),,NA,0 = Not mentioned 1 = Mentioned 9 = Inap. (not CY-TCC in isocntry),NA,NA,NA,X,,,standard,NA
ZA6788,6788,Eurobarometer 86.2,November,2016,qa4b_3,qa4b_3,IMPORTANT ISSUES PERS: RISING PRICES/INFLATION/COST OF LIVING (TCC),,NA,0 = Not mentioned 1 = Mentioned 9 = Inap. (not CY-TCC in isocntry),NA,NA,NA,X,,,standard,NA
ZA6788,6788,Eurobarometer 86.2,November,2016,qa4b_4,qa4b_4,IMPORTANT ISSUES PERS: TAXATION (TCC),,NA,0 = Not mentioned 1 = Mentioned 9 = Inap. (not CY-TCC in isocntry),NA,NA,NA,X,,,standard,NA
ZA6788,6788,Eurobarometer 86.2,November,2016,qa4b_5,qa4b_5,IMPORTANT ISSUES PERS: UNEMPLOYMENT (TCC),,NA,0 = Not mentioned 1 = Mentioned 9 = Inap. (not CY-TCC in isocntry),NA,NA,NA,X,,,standard,NA
ZA6788,6788,Eurobarometer 86.2,November,2016,qa4b_6,qa4b_6,IMPORTANT ISSUES PERS: TERRORISM (TCC),,NA,0 = Not mentioned 1 = Mentioned 9 = Inap. (not CY-TCC in isocntry),NA,NA,NA,X,,,standard,NA
ZA6788,6788,Eurobarometer 86.2,November,2016,qa4b_7,qa4b_7,IMPORTANT ISSUES PERS: CYPRUS ISSUE (TCC),,NA,0 = Not mentioned 1 = Mentioned 9 = Inap. (not CY-TCC in isocntry),NA,NA,NA,X,,,standard,NA
ZA6788,6788,Eurobarometer 86.2,November,2016,qa4b_8,qa4b_8,IMPORTANT ISSUES PERS: HOUSING (TCC),,NA,0 = Not mentioned 1 = Mentioned 9 = Inap. (not CY-TCC in isocntry),NA,NA,NA,X,,,standard,NA
ZA6788,6788,Eurobarometer 86.2,November,2016,qa4b_9,qa4b_9,IMPORTANT ISSUES PERS: FINANCIAL SIT HH (TCC),,NA,0 = Not mentioned 1 = Mentioned 9 = Inap. (not CY-TCC in isocntry),NA,NA,NA,X,,,standard,NA
ZA6788,6788,Eurobarometer 86.2,November,2016,qa4b_10,qa4b_10,IMPORTANT ISSUES PERS: IMMIGRATION (TCC),,NA,0 = Not mentioned 1 = Mentioned 9 = Inap. (not CY-TCC in isocntry),NA,NA,NA,X,,,standard,NA
ZA6788,6788,Eurobarometer 86.2,November,2016,qa4b_11,qa4b_11,IMPORTANT ISSUES PERS: HEALTH & SOC SECURITY (TCC),,NA,0 = Not mentioned 1 = Mentioned 9 = Inap. (not CY-TCC in isocntry),NA,NA,NA,X,,,standard,NA
ZA6788,6788,Eurobarometer 86.2,November,2016,qa4b_12,qa4b_12,IMPORTANT ISSUES PERS: EDUCATION SYSTEM (TCC),,NA,0 = Not mentioned 1 = Mentioned 9 = Inap. (not CY-TCC in isocntry),NA,NA,NA,X,,,standard,NA
ZA6788,6788,Eurobarometer 86.2,November,2016,qa4b_13,qa4b_13,IMPORTANT ISSUES PERS: THE ENVIRONMENT (TCC),,NA,0 = Not mentioned 1 = Mentioned 9 = Inap. (not CY-TCC in isocntry),NA,NA,NA,X,,,standard,NA
ZA6788,6788,Eurobarometer 86.2,November,2016,qa4b_14,qa4b_14,IMPORTANT ISSUES PERS: WORKING CONDITIONS (TCC),,NA,0 = Not mentioned 1 = Mentioned 9 = Inap. (not CY-TCC in isocntry),NA,NA,NA,X,,,standard,NA
ZA6788,6788,Eurobarometer 86.2,November,2016,qa4b_15,qa4b_15,IMPORTANT ISSUES PERS: LIVING CONDITIONS (TCC),,NA,0 = Not mentioned 1 = Mentioned 9 = Inap. (not CY-TCC in isocntry),NA,NA,NA,X,,,standard,NA
ZA6788,6788,Eurobarometer 86.2,November,2016,qa4b_16,qa4b_16,IMPORTANT ISSUES PERS: OTHER (SPONT) (TCC),,NA,0 = Not mentioned 1 = Mentioned (not coded) 9 = Inap. (not CY-TCC in isocntry),NA,NA,NA,X,,,standard,NA
ZA6788,6788,Eurobarometer 86.2,November,2016,qa4b_17,qa4b_17,IMPORTANT ISSUES PERS: NONE (SPONT) (TCC),,NA,0 = Not mentioned 1 = Mentioned (not coded) 9 = Inap. (not CY-TCC in isocntry),NA,NA,NA,X,,,standard,NA
ZA6788,6788,Eurobarometer 86.2,November,2016,qa4b_18,qa4b_18,IMPORTANT ISSUES PERS: DK (TCC),,NA,0 = Not mentioned 1 = Mentioned (not coded) 9 = Inap. (not CY-TCC in isocntry),NA,NA,NA,X,,,standard,NA
ZA6788,6788,Eurobarometer 86.2,November,2016,qa5_1,qa5_1,IMPORTANT ISSUES EU: CRIME,,NA,0 = Not mentioned 1 = Mentioned 9 = Inap. not EU28 (coded 0 in eu28),NA,NA,NA,X,,,standard,NA
ZA6788,6788,Eurobarometer 86.2,November,2016,qa5_2,qa5_2,IMPORTANT ISSUES EU: ECONOMIC SITUATION,,NA,0 = Not mentioned 1 = Mentioned 9 = Inap. not EU28 (coded 0 in eu28),NA,NA,NA,X,,,standard,NA
ZA6788,6788,Eurobarometer 86.2,November,2016,qa5_3,qa5_3,IMPORTANT ISSUES EU: RISING PRICES/INFLATION/COST OF LIVING,,NA,0 = Not mentioned 1 = Mentioned 9 = Inap. not EU28 (coded 0 in eu28),NA,NA,NA,X,,,standard,NA
ZA6788,6788,Eurobarometer 86.2,November,2016,qa5_4,qa5_4,IMPORTANT ISSUES EU: TAXATION,,NA,0 = Not mentioned 1 = Mentioned 9 = Inap. not EU28 (coded 0 in eu28),NA,NA,NA,X,,,standard,NA
ZA6788,6788,Eurobarometer 86.2,November,2016,qa5_5,qa5_5,IMPORTANT ISSUES EU: UNEMPLOYMENT,,NA,0 = Not mentioned 1 = Mentioned 9 = Inap. not EU28 (coded 0 in eu28),NA,NA,NA,X,,,standard,NA
ZA6788,6788,Eurobarometer 86.2,November,2016,qa5_6,qa5_6,IMPORTANT ISSUES EU: TERRORISM,,NA,0 = Not mentioned 1 = Mentioned 9 = Inap. not EU28 (coded 0 in eu28),NA,NA,NA,X,,,standard,NA
ZA6788,6788,Eurobarometer 86.2,November,2016,qa5_7,qa5_7,IMPORTANT ISSUES EU: INFLUENCE IN THE WORLD,,NA,0 = Not mentioned 1 = Mentioned 9 = Inap. not EU28 (coded 0 in eu28),NA,NA,NA,X,,,standard,NA
ZA6788,6788,Eurobarometer 86.2,November,2016,qa5_8,qa5_8,IMPORTANT ISSUES EU: MEMBER FINANCES,,NA,0 = Not mentioned 1 = Mentioned 9 = Inap. not EU28 (coded 0 in eu28),NA,NA,NA,X,,,standard,NA
ZA6788,6788,Eurobarometer 86.2,November,2016,qa5_9,qa5_9,IMPORTANT ISSUES EU: IMMIGRATION,,NA,0 = Not mentioned 1 = Mentioned 9 = Inap. not EU28 (coded 0 in eu28),NA,NA,NA,X,,,standard,NA
ZA6788,6788,Eurobarometer 86.2,November,2016,qa5_10,qa5_10,IMPORTANT ISSUES EU: PENSIONS,,NA,0 = Not mentioned 1 = Mentioned 9 = Inap. not EU28 (coded 0 in eu28),NA,NA,NA,X,,,standard,NA
ZA6788,6788,Eurobarometer 86.2,November,2016,qa5_11,qa5_11,IMPORTANT ISSUES EU: THE ENVIRONMENT,,NA,0 = Not mentioned 1 = Mentioned 9 = Inap. not EU28 (coded 0 in eu28),NA,NA,NA,X,,,standard,NA
ZA6788,6788,Eurobarometer 86.2,November,2016,qa5_12,qa5_12,IMPORTANT ISSUES EU: ENERGY SUPPLY,,NA,0 = Not mentioned 1 = Mentioned 9 = Inap. not EU28 (coded 0 in eu28),NA,NA,NA,X,,,standard,NA
ZA6788,6788,Eurobarometer 86.2,November,2016,qa5_13,qa5_13,IMPORTANT ISSUES EU: CLIMATE CHANGE,,NA,0 = Not mentioned 1 = Mentioned 9 = Inap. not EU28 (coded 0 in eu28),NA,NA,NA,X,,,standard,NA
ZA6788,6788,Eurobarometer 86.2,November,2016,qa5_14,qa5_14,IMPORTANT ISSUES EU: OTHER (SPONT),,NA,0 = Not mentioned 1 = Mentioned 9 = Inap. not EU28 (coded 0 in eu28),NA,NA,NA,X,,,standard,NA
ZA6788,6788,Eurobarometer 86.2,November,2016,qa5_15,qa5_15,IMPORTANT ISSUES EU: NONE (SPONT),,NA,0 = Not mentioned 1 = Mentioned 9 = Inap. not EU28 (coded 0 in eu28),NA,NA,NA,X,,,standard,NA
ZA6788,6788,Eurobarometer 86.2,November,2016,qa5_16,qa5_16,IMPORTANT ISSUES EU: DK,,NA,0 = Not mentioned 1 = Mentioned 9 = Inap. not EU28 (coded 0 in eu28),NA,NA,NA,X,,,standard,NA
ZA6863,6863,Eurobarometer 87.3,May,2017,isocntry,isocntry,COUNTRY CODE - ISO 3166,,isocntry, = BE  = DK  = GR  = ES  = FI  = FR  = IE  = IT  = LU  = NL  = AT  = PT  = SE  = DE-W  = DE-E  = GB-GBN  = GB-NIR  = BG  = CY  = CZ  = EE  = HU  = LV  = LT  = MT  = PL  = RO  = SK  = SI  = TR  = HR  = CY-TCC  = MK  = ME  = RS  = AL,NA,NA,NA,X,,,standard,NA
ZA6863,6863,Eurobarometer 87.3,May,2017,qa3a_1,qa3a_1,IMPORTANT ISSUES CNTRY: CRIME,,NA,0 = Not mentioned 1 = Mentioned 9 = Inap. (CY-TCC in isocntry),NA,NA,NA,X,,,standard,NA
ZA6863,6863,Eurobarometer 87.3,May,2017,qa3a_2,qa3a_2,IMPORTANT ISSUES CNTRY: ECONOMIC SITUATION,,NA,0 = Not mentioned 1 = Mentioned 9 = Inap. (CY-TCC in isocntry),NA,NA,NA,X,,,standard,NA
ZA6863,6863,Eurobarometer 87.3,May,2017,qa3a_3,qa3a_3,IMPORTANT ISSUES CNTRY: RISING PRICES/INFLATION/COST OF LIVING,,NA,0 = Not mentioned 1 = Mentioned 9 = Inap. (CY-TCC in isocntry),NA,NA,NA,X,,,standard,NA
ZA6863,6863,Eurobarometer 87.3,May,2017,qa3a_4,qa3a_4,IMPORTANT ISSUES CNTRY: TAXATION,,NA,0 = Not mentioned 1 = Mentioned 9 = Inap. (CY-TCC in isocntry),NA,NA,NA,X,,,standard,NA
ZA6863,6863,Eurobarometer 87.3,May,2017,qa3a_5,qa3a_5,IMPORTANT ISSUES CNTRY: UNEMPLOYMENT,,NA,0 = Not mentioned 1 = Mentioned 9 = Inap. (CY-TCC in isocntry),NA,NA,NA,X,,,standard,NA
ZA6863,6863,Eurobarometer 87.3,May,2017,qa3a_6,qa3a_6,IMPORTANT ISSUES CNTRY: TERRORISM,,NA,0 = Not mentioned 1 = Mentioned 9 = Inap. (CY-TCC in isocntry),NA,NA,NA,X,,,standard,NA
ZA6863,6863,Eurobarometer 87.3,May,2017,qa3a_7,qa3a_7,IMPORTANT ISSUES CNTRY: HOUSING,,NA,0 = Not mentioned 1 = Mentioned 9 = Inap. (CY-TCC in isocntry),NA,NA,NA,X,,,standard,NA
ZA6863,6863,Eurobarometer 87.3,May,2017,qa3a_8,qa3a_8,IMPORTANT ISSUES CNTRY: GOVERNMENT DEBT,,NA,0 = Not mentioned 1 = Mentioned 9 = Inap. (CY-TCC in isocntry),NA,NA,NA,X,,,standard,NA
ZA6863,6863,Eurobarometer 87.3,May,2017,qa3a_9,qa3a_9,IMPORTANT ISSUES CNTRY: IMMIGRATION,,NA,0 = Not mentioned 1 = Mentioned 9 = Inap. (CY-TCC in isocntry),NA,NA,NA,X,,,standard,NA
ZA6863,6863,Eurobarometer 87.3,May,2017,qa3a_10,qa3a_10,IMPORTANT ISSUES CNTRY: HEALTH & SOC SECURITY,,NA,0 = Not mentioned 1 = Mentioned 9 = Inap. (CY-TCC in isocntry),NA,NA,NA,X,,,standard,NA
ZA6863,6863,Eurobarometer 87.3,May,2017,qa3a_11,qa3a_11,IMPORTANT ISSUES CNTRY: EDUCATION SYSTEM,,NA,0 = Not mentioned 1 = Mentioned 9 = Inap. (CY-TCC in isocntry),NA,NA,NA,X,,,standard,NA
ZA6863,6863,Eurobarometer 87.3,May,2017,qa3a_12,qa3a_12,IMPORTANT ISSUES CNTRY: PENSIONS,,NA,0 = Not mentioned 1 = Mentioned 9 = Inap. (CY-TCC in isocntry),NA,NA,NA,X,,,standard,NA
ZA6863,6863,Eurobarometer 87.3,May,2017,qa3a_13,qa3a_13,IMPORTANT ISSUES CNTRY: THE ENVIRONMENT,,NA,0 = Not mentioned 1 = Mentioned 9 = Inap. (CY-TCC in isocntry),NA,NA,NA,X,,,standard,NA
ZA6863,6863,Eurobarometer 87.3,May,2017,qa3a_14,qa3a_14,IMPORTANT ISSUES CNTRY: OTHER (SPONT),,NA,0 = Not mentioned 1 = Mentioned 9 = Inap. (CY-TCC in isocntry),NA,NA,NA,X,,,standard,NA
ZA6863,6863,Eurobarometer 87.3,May,2017,qa3a_15,qa3a_15,IMPORTANT ISSUES CNTRY: NONE (SPONT),,NA,0 = Not mentioned 1 = Mentioned 9 = Inap. (CY-TCC in isocntry),NA,NA,NA,X,,,standard,NA
ZA6863,6863,Eurobarometer 87.3,May,2017,qa3a_16,qa3a_16,IMPORTANT ISSUES CNTRY: DK,,NA,0 = Not mentioned 1 = Mentioned 9 = Inap. (CY-TCC in isocntry),NA,NA,NA,X,,,standard,NA
ZA6863,6863,Eurobarometer 87.3,May,2017,qa4a_1,qa4a_1,IMPORTANT ISSUES PERS: CRIME,,NA,0 = Not mentioned 1 = Mentioned 9 = Inap. (CY-TCC in isocntry),NA,NA,NA,X,,,standard,NA
ZA6863,6863,Eurobarometer 87.3,May,2017,qa4a_2,qa4a_2,IMPORTANT ISSUES PERS: ECONOMIC SITUATION CNTRY,,NA,0 = Not mentioned 1 = Mentioned 9 = Inap. (CY-TCC in isocntry),NA,NA,NA,X,,,standard,NA
ZA6863,6863,Eurobarometer 87.3,May,2017,qa4a_3,qa4a_3,IMPORTANT ISSUES PERS: RISING PRICES/INFLATION/COST OF LIVING,,NA,0 = Not mentioned 1 = Mentioned 9 = Inap. (CY-TCC in isocntry),NA,NA,NA,X,,,standard,NA
ZA6863,6863,Eurobarometer 87.3,May,2017,qa4a_4,qa4a_4,IMPORTANT ISSUES PERS: TAXATION,,NA,0 = Not mentioned 1 = Mentioned 9 = Inap. (CY-TCC in isocntry),NA,NA,NA,X,,,standard,NA
ZA6863,6863,Eurobarometer 87.3,May,2017,qa4a_5,qa4a_5,IMPORTANT ISSUES PERS: UNEMPLOYMENT,,NA,0 = Not mentioned 1 = Mentioned 9 = Inap. (CY-TCC in isocntry),NA,NA,NA,X,,,standard,NA
ZA6863,6863,Eurobarometer 87.3,May,2017,qa4a_6,qa4a_6,IMPORTANT ISSUES PERS: TERRORISM,,NA,0 = Not mentioned 1 = Mentioned 9 = Inap. (CY-TCC in isocntry),NA,NA,NA,X,,,standard,NA
ZA6863,6863,Eurobarometer 87.3,May,2017,qa4a_7,qa4a_7,IMPORTANT ISSUES PERS: HOUSING,,NA,0 = Not mentioned 1 = Mentioned 9 = Inap. (CY-TCC in isocntry),NA,NA,NA,X,,,standard,NA
ZA6863,6863,Eurobarometer 87.3,May,2017,qa4a_8,qa4a_8,IMPORTANT ISSUES PERS: FINANCIAL SIT HH,,NA,0 = Not mentioned 1 = Mentioned 9 = Inap. (CY-TCC in isocntry),NA,NA,NA,X,,,standard,NA
ZA6863,6863,Eurobarometer 87.3,May,2017,qa4a_9,qa4a_9,IMPORTANT ISSUES PERS: IMMIGRATION,,NA,0 = Not mentioned 1 = Mentioned 9 = Inap. (CY-TCC in isocntry),NA,NA,NA,X,,,standard,NA
ZA6863,6863,Eurobarometer 87.3,May,2017,qa4a_10,qa4a_10,IMPORTANT ISSUES PERS: HEALTH & SOC SECURITY,,NA,0 = Not mentioned 1 = Mentioned 9 = Inap. (CY-TCC in isocntry),NA,NA,NA,X,,,standard,NA
ZA6863,6863,Eurobarometer 87.3,May,2017,qa4a_11,qa4a_11,IMPORTANT ISSUES PERS: EDUCATION SYSTEM,,NA,0 = Not mentioned 1 = Mentioned 9 = Inap. (CY-TCC in isocntry),NA,NA,NA,X,,,standard,NA
ZA6863,6863,Eurobarometer 87.3,May,2017,qa4a_12,qa4a_12,IMPORTANT ISSUES PERS: THE ENVIRONMENT,,NA,0 = Not mentioned 1 = Mentioned 9 = Inap. (CY-TCC in isocntry),NA,NA,NA,X,,,standard,NA
ZA6863,6863,Eurobarometer 87.3,May,2017,qa4a_13,qa4a_13,IMPORTANT ISSUES PERS: PENSIONS,,NA,0 = Not mentioned 1 = Mentioned 9 = Inap. (CY-TCC in isocntry),NA,NA,NA,X,,,standard,NA
ZA6863,6863,Eurobarometer 87.3,May,2017,qa4a_14,qa4a_14,IMPORTANT ISSUES PERS: WORKING CONDITIONS,,NA,0 = Not mentioned 1 = Mentioned 9 = Inap. (CY-TCC in isocntry),NA,NA,NA,X,,,standard,NA
ZA6863,6863,Eurobarometer 87.3,May,2017,qa4a_15,qa4a_15,IMPORTANT ISSUES PERS: LIVING CONDITIONS,,NA,0 = Not mentioned 1 = Mentioned 9 = Inap. (CY-TCC in isocntry),NA,NA,NA,X,,,standard,NA
ZA6863,6863,Eurobarometer 87.3,May,2017,qa4a_16,qa4a_16,IMPORTANT ISSUES PERS: OTHER (SPONT),,NA,0 = Not mentioned 1 = Mentioned 9 = Inap. (CY-TCC in isocntry),NA,NA,NA,X,,,standard,NA
ZA6863,6863,Eurobarometer 87.3,May,2017,qa4a_17,qa4a_17,IMPORTANT ISSUES PERS: NONE (SPONT),,NA,0 = Not mentioned 1 = Mentioned 9 = Inap. (CY-TCC in isocntry),NA,NA,NA,X,,,standard,NA
ZA6863,6863,Eurobarometer 87.3,May,2017,qa4a_18,qa4a_18,IMPORTANT ISSUES PERS: DK,,NA,0 = Not mentioned 1 = Mentioned 9 = Inap. (CY-TCC in isocntry),NA,NA,NA,X,,,standard,NA
ZA6863,6863,Eurobarometer 87.3,May,2017,qa3b_1,qa3b_1,IMPORTANT ISSUES TCC: CRIME,,NA,0 = Not mentioned 1 = Mentioned 9 = Inap. (not CY-TCC in isocntry),NA,NA,NA,X,,,standard,NA
ZA6863,6863,Eurobarometer 87.3,May,2017,qa3b_2,qa3b_2,IMPORTANT ISSUES TCC: ECONOMIC SITUATION,,NA,0 = Not mentioned 1 = Mentioned 9 = Inap. (not CY-TCC in isocntry),NA,NA,NA,X,,,standard,NA
ZA6863,6863,Eurobarometer 87.3,May,2017,qa3b_3,qa3b_3,IMPORTANT ISSUES TCC: RISING PRICES/INFLATION/COST OF LIVING,,NA,0 = Not mentioned 1 = Mentioned 9 = Inap. (not CY-TCC in isocntry),NA,NA,NA,X,,,standard,NA
ZA6863,6863,Eurobarometer 87.3,May,2017,qa3b_4,qa3b_4,IMPORTANT ISSUES TCC: TAXATION,,NA,0 = Not mentioned 1 = Mentioned 9 = Inap. (not CY-TCC in isocntry),NA,NA,NA,X,,,standard,NA
ZA6863,6863,Eurobarometer 87.3,May,2017,qa3b_5,qa3b_5,IMPORTANT ISSUES TCC: UNEMPLOYMENT,,NA,0 = Not mentioned 1 = Mentioned 9 = Inap. (not CY-TCC in isocntry),NA,NA,NA,X,,,standard,NA
ZA6863,6863,Eurobarometer 87.3,May,2017,qa3b_6,qa3b_6,IMPORTANT ISSUES TCC: TERRORISM,,NA,0 = Not mentioned 1 = Mentioned 9 = Inap. (not CY-TCC in isocntry),NA,NA,NA,X,,,standard,NA
ZA6863,6863,Eurobarometer 87.3,May,2017,qa3b_7,qa3b_7,IMPORTANT ISSUES TCC: HOUSING,,NA,0 = Not mentioned 1 = Mentioned 9 = Inap. (not CY-TCC in isocntry),NA,NA,NA,X,,,standard,NA
ZA6863,6863,Eurobarometer 87.3,May,2017,qa3b_8,qa3b_8,IMPORTANT ISSUES TCC: CYPRUS ISSUE,,NA,0 = Not mentioned 1 = Mentioned 9 = Inap. (not CY-TCC in isocntry),NA,NA,NA,X,,,standard,NA
ZA6863,6863,Eurobarometer 87.3,May,2017,qa3b_9,qa3b_9,IMPORTANT ISSUES TCC: IMMIGRATION,,NA,0 = Not mentioned 1 = Mentioned 9 = Inap. (not CY-TCC in isocntry),NA,NA,NA,X,,,standard,NA
ZA6863,6863,Eurobarometer 87.3,May,2017,qa3b_10,qa3b_10,IMPORTANT ISSUES TCC: HEALTH & SOC SECURITY,,NA,0 = Not mentioned 1 = Mentioned 9 = Inap. (not CY-TCC in isocntry),NA,NA,NA,X,,,standard,NA
ZA6863,6863,Eurobarometer 87.3,May,2017,qa3b_11,qa3b_11,IMPORTANT ISSUES TCC: EDUCATION SYSTEM,,NA,0 = Not mentioned 1 = Mentioned 9 = Inap. (not CY-TCC in isocntry),NA,NA,NA,X,,,standard,NA
ZA6863,6863,Eurobarometer 87.3,May,2017,qa3b_12,qa3b_12,IMPORTANT ISSUES TCC: PENSIONS,,NA,0 = Not mentioned 1 = Mentioned 9 = Inap. (not CY-TCC in isocntry),NA,NA,NA,X,,,standard,NA
ZA6863,6863,Eurobarometer 87.3,May,2017,qa3b_13,qa3b_13,IMPORTANT ISSUES TCC: THE ENVIRONMENT,,NA,0 = Not mentioned 1 = Mentioned 9 = Inap. (not CY-TCC in isocntry),NA,NA,NA,X,,,standard,NA
ZA6863,6863,Eurobarometer 87.3,May,2017,qa3b_14,qa3b_14,IMPORTANT ISSUES TCC: OTHER (SPONT),,NA,0 = Not mentioned 1 = Mentioned 9 = Inap. (not CY-TCC in isocntry),NA,NA,NA,X,,,standard,NA
ZA6863,6863,Eurobarometer 87.3,May,2017,qa3b_15,qa3b_15,IMPORTANT ISSUES TCC: NONE (SPONT),,NA,0 = Not mentioned 1 = Mentioned 9 = Inap. (not CY-TCC in isocntry),NA,NA,NA,X,,,standard,NA
ZA6863,6863,Eurobarometer 87.3,May,2017,qa3b_16,qa3b_16,IMPORTANT ISSUES TCC: DK,,NA,0 = Not mentioned 1 = Mentioned 9 = Inap. (not CY-TCC in isocntry),NA,NA,NA,X,,,standard,NA
ZA6863,6863,Eurobarometer 87.3,May,2017,qa4b_1,qa4b_1,IMPORTANT ISSUES PERS: CRIME (TCC),,NA,0 = Not mentioned 1 = Mentioned 9 = Inap. (not CY-TCC in isocntry),NA,NA,NA,X,,,standard,NA
ZA6863,6863,Eurobarometer 87.3,May,2017,qa4b_2,qa4b_2,IMPORTANT ISSUES PERS: ECONOMIC SITUATION (TCC),,NA,0 = Not mentioned 1 = Mentioned 9 = Inap. (not CY-TCC in isocntry),NA,NA,NA,X,,,standard,NA
ZA6863,6863,Eurobarometer 87.3,May,2017,qa4b_3,qa4b_3,IMPORTANT ISSUES PERS: RISING PRICES/INFLATION/COST OF LIVING (TCC),,NA,0 = Not mentioned 1 = Mentioned 9 = Inap. (not CY-TCC in isocntry),NA,NA,NA,X,,,standard,NA
ZA6863,6863,Eurobarometer 87.3,May,2017,qa4b_4,qa4b_4,IMPORTANT ISSUES PERS: TAXATION (TCC),,NA,0 = Not mentioned 1 = Mentioned 9 = Inap. (not CY-TCC in isocntry),NA,NA,NA,X,,,standard,NA
ZA6863,6863,Eurobarometer 87.3,May,2017,qa4b_5,qa4b_5,IMPORTANT ISSUES PERS: UNEMPLOYMENT (TCC),,NA,0 = Not mentioned 1 = Mentioned 9 = Inap. (not CY-TCC in isocntry),NA,NA,NA,X,,,standard,NA
ZA6863,6863,Eurobarometer 87.3,May,2017,qa4b_6,qa4b_6,IMPORTANT ISSUES PERS: TERRORISM (TCC),,NA,0 = Not mentioned 1 = Mentioned 9 = Inap. (not CY-TCC in isocntry),NA,NA,NA,X,,,standard,NA
ZA6863,6863,Eurobarometer 87.3,May,2017,qa4b_7,qa4b_7,IMPORTANT ISSUES PERS: CYPRUS ISSUE (TCC),,NA,0 = Not mentioned 1 = Mentioned 9 = Inap. (not CY-TCC in isocntry),NA,NA,NA,X,,,standard,NA
ZA6863,6863,Eurobarometer 87.3,May,2017,qa4b_8,qa4b_8,IMPORTANT ISSUES PERS: HOUSING (TCC),,NA,0 = Not mentioned 1 = Mentioned 9 = Inap. (not CY-TCC in isocntry),NA,NA,NA,X,,,standard,NA
ZA6863,6863,Eurobarometer 87.3,May,2017,qa4b_9,qa4b_9,IMPORTANT ISSUES PERS: FINANCIAL SIT HH (TCC),,NA,0 = Not mentioned 1 = Mentioned 9 = Inap. (not CY-TCC in isocntry),NA,NA,NA,X,,,standard,NA
ZA6863,6863,Eurobarometer 87.3,May,2017,qa4b_10,qa4b_10,IMPORTANT ISSUES PERS: IMMIGRATION (TCC),,NA,0 = Not mentioned 1 = Mentioned 9 = Inap. (not CY-TCC in isocntry),NA,NA,NA,X,,,standard,NA
ZA6863,6863,Eurobarometer 87.3,May,2017,qa4b_11,qa4b_11,IMPORTANT ISSUES PERS: HEALTH & SOC SECURITY (TCC),,NA,0 = Not mentioned 1 = Mentioned 9 = Inap. (not CY-TCC in isocntry),NA,NA,NA,X,,,standard,NA
ZA6863,6863,Eurobarometer 87.3,May,2017,qa4b_12,qa4b_12,IMPORTANT ISSUES PERS: EDUCATION SYSTEM (TCC),,NA,0 = Not mentioned 1 = Mentioned 9 = Inap. (not CY-TCC in isocntry),NA,NA,NA,X,,,standard,NA
ZA6863,6863,Eurobarometer 87.3,May,2017,qa4b_13,qa4b_13,IMPORTANT ISSUES PERS: THE ENVIRONMENT (TCC),,NA,0 = Not mentioned 1 = Mentioned 9 = Inap. (not CY-TCC in isocntry),NA,NA,NA,X,,,standard,NA
ZA6863,6863,Eurobarometer 87.3,May,2017,qa4b_14,qa4b_14,IMPORTANT ISSUES PERS: WORKING CONDITIONS (TCC),,NA,0 = Not mentioned 1 = Mentioned 9 = Inap. (not CY-TCC in isocntry),NA,NA,NA,X,,,standard,NA
ZA6863,6863,Eurobarometer 87.3,May,2017,qa4b_15,qa4b_15,IMPORTANT ISSUES PERS: LIVING CONDITIONS (TCC),,NA,0 = Not mentioned 1 = Mentioned 9 = Inap. (not CY-TCC in isocntry),NA,NA,NA,X,,,standard,NA
ZA6863,6863,Eurobarometer 87.3,May,2017,qa4b_16,qa4b_16,IMPORTANT ISSUES PERS: OTHER (SPONT) (TCC),,NA,0 = Not mentioned 1 = Mentioned 9 = Inap. (not CY-TCC in isocntry),NA,NA,NA,X,,,standard,NA
ZA6863,6863,Eurobarometer 87.3,May,2017,qa4b_17,qa4b_17,IMPORTANT ISSUES PERS: NONE (SPONT) (TCC),,NA,0 = Not mentioned 1 = Mentioned 9 = Inap. (not CY-TCC in isocntry),NA,NA,NA,X,,,standard,NA
ZA6863,6863,Eurobarometer 87.3,May,2017,qa4b_18,qa4b_18,IMPORTANT ISSUES PERS: DK (TCC),,NA,0 = Not mentioned 1 = Mentioned 9 = Inap. (not CY-TCC in isocntry),NA,NA,NA,X,,,standard,NA
ZA6863,6863,Eurobarometer 87.3,May,2017,qa5_1,qa5_1,IMPORTANT ISSUES EU: CRIME,,NA,0 = Not mentioned 1 = Mentioned 9 = Inap. not EU28 (coded 0 in eu28),NA,NA,NA,X,,,standard,NA
ZA6863,6863,Eurobarometer 87.3,May,2017,qa5_2,qa5_2,IMPORTANT ISSUES EU: ECONOMIC SITUATION,,NA,0 = Not mentioned 1 = Mentioned 9 = Inap. not EU28 (coded 0 in eu28),NA,NA,NA,X,,,standard,NA
ZA6863,6863,Eurobarometer 87.3,May,2017,qa5_3,qa5_3,IMPORTANT ISSUES EU: RISING PRICES/INFLATION/COST OF LIVING,,NA,0 = Not mentioned 1 = Mentioned 9 = Inap. not EU28 (coded 0 in eu28),NA,NA,NA,X,,,standard,NA
ZA6863,6863,Eurobarometer 87.3,May,2017,qa5_4,qa5_4,IMPORTANT ISSUES EU: TAXATION,,NA,0 = Not mentioned 1 = Mentioned 9 = Inap. not EU28 (coded 0 in eu28),NA,NA,NA,X,,,standard,NA
ZA6863,6863,Eurobarometer 87.3,May,2017,qa5_5,qa5_5,IMPORTANT ISSUES EU: UNEMPLOYMENT,,NA,0 = Not mentioned 1 = Mentioned 9 = Inap. not EU28 (coded 0 in eu28),NA,NA,NA,X,,,standard,NA
ZA6863,6863,Eurobarometer 87.3,May,2017,qa5_6,qa5_6,IMPORTANT ISSUES EU: TERRORISM,,NA,0 = Not mentioned 1 = Mentioned 9 = Inap. not EU28 (coded 0 in eu28),NA,NA,NA,X,,,standard,NA
ZA6863,6863,Eurobarometer 87.3,May,2017,qa5_7,qa5_7,IMPORTANT ISSUES EU: INFLUENCE IN THE WORLD,,NA,0 = Not mentioned 1 = Mentioned 9 = Inap. not EU28 (coded 0 in eu28),NA,NA,NA,X,,,standard,NA
ZA6863,6863,Eurobarometer 87.3,May,2017,qa5_8,qa5_8,IMPORTANT ISSUES EU: MEMBER FINANCES,,NA,0 = Not mentioned 1 = Mentioned 9 = Inap. not EU28 (coded 0 in eu28),NA,NA,NA,X,,,standard,NA
ZA6863,6863,Eurobarometer 87.3,May,2017,qa5_9,qa5_9,IMPORTANT ISSUES EU: IMMIGRATION,,NA,0 = Not mentioned 1 = Mentioned 9 = Inap. not EU28 (coded 0 in eu28),NA,NA,NA,X,,,standard,NA
ZA6863,6863,Eurobarometer 87.3,May,2017,qa5_10,qa5_10,IMPORTANT ISSUES EU: PENSIONS,,NA,0 = Not mentioned 1 = Mentioned 9 = Inap. not EU28 (coded 0 in eu28),NA,NA,NA,X,,,standard,NA
ZA6863,6863,Eurobarometer 87.3,May,2017,qa5_11,qa5_11,IMPORTANT ISSUES EU: THE ENVIRONMENT,,NA,0 = Not mentioned 1 = Mentioned 9 = Inap. not EU28 (coded 0 in eu28),NA,NA,NA,X,,,standard,NA
ZA6863,6863,Eurobarometer 87.3,May,2017,qa5_12,qa5_12,IMPORTANT ISSUES EU: ENERGY SUPPLY,,NA,0 = Not mentioned 1 = Mentioned 9 = Inap. not EU28 (coded 0 in eu28),NA,NA,NA,X,,,standard,NA
ZA6863,6863,Eurobarometer 87.3,May,2017,qa5_13,qa5_13,IMPORTANT ISSUES EU: CLIMATE CHANGE,,NA,0 = Not mentioned 1 = Mentioned 9 = Inap. not EU28 (coded 0 in eu28),NA,NA,NA,X,,,standard,NA
ZA6863,6863,Eurobarometer 87.3,May,2017,qa5_14,qa5_14,IMPORTANT ISSUES EU: OTHER (SPONT),,NA,0 = Not mentioned 1 = Mentioned 9 = Inap. not EU28 (coded 0 in eu28),NA,NA,NA,X,,,standard,NA
ZA6863,6863,Eurobarometer 87.3,May,2017,qa5_15,qa5_15,IMPORTANT ISSUES EU: NONE (SPONT),,NA,0 = Not mentioned 1 = Mentioned 9 = Inap. not EU28 (coded 0 in eu28),NA,NA,NA,X,,,standard,NA
ZA6863,6863,Eurobarometer 87.3,May,2017,qa5_16,qa5_16,IMPORTANT ISSUES EU: DK,,NA,0 = Not mentioned 1 = Mentioned 9 = Inap. not EU28 (coded 0 in eu28),NA,NA,NA,X,,,standard,NA
ZA6928,6928,Eurobarometer 88.3,November,2017,isocntry,isocntry,COUNTRY CODE - ISO 3166,,isocntry, = BE  = DK  = GR  = ES  = FI  = FR  = IE  = IT  = LU  = NL  = AT  = PT  = SE  = DE-W  = DE-E  = GB-GBN  = GB-NIR  = BG  = CY  = CZ  = EE  = HU  = LV  = LT  = MT  = PL  = RO  = SK  = SI  = TR  = HR  = CY-TCC  = MK  = ME  = RS  = AL,NA,NA,NA,X,,,standard,NA
ZA6928,6928,Eurobarometer 88.3,November,2017,qa3a_1,qa3a_1,IMPORTANT ISSUES CNTRY: CRIME,,NA,0 = Not mentioned 1 = Mentioned 9 = Inap. (CY-TCC in isocntry),NA,NA,NA,X,,,standard,NA
ZA6928,6928,Eurobarometer 88.3,November,2017,qa3a_2,qa3a_2,IMPORTANT ISSUES CNTRY: ECONOMIC SITUATION,,NA,0 = Not mentioned 1 = Mentioned 9 = Inap. (CY-TCC in isocntry),NA,NA,NA,X,,,standard,NA
ZA6928,6928,Eurobarometer 88.3,November,2017,qa3a_3,qa3a_3,IMPORTANT ISSUES CNTRY: RISING PRICES/INFLATION/COST OF LIVING,,NA,0 = Not mentioned 1 = Mentioned 9 = Inap. (CY-TCC in isocntry),NA,NA,NA,X,,,standard,NA
ZA6928,6928,Eurobarometer 88.3,November,2017,qa3a_4,qa3a_4,IMPORTANT ISSUES CNTRY: TAXATION,,NA,0 = Not mentioned 1 = Mentioned 9 = Inap. (CY-TCC in isocntry),NA,NA,NA,X,,,standard,NA
ZA6928,6928,Eurobarometer 88.3,November,2017,qa3a_5,qa3a_5,IMPORTANT ISSUES CNTRY: UNEMPLOYMENT,,NA,0 = Not mentioned 1 = Mentioned 9 = Inap. (CY-TCC in isocntry),NA,NA,NA,X,,,standard,NA
ZA6928,6928,Eurobarometer 88.3,November,2017,qa3a_6,qa3a_6,IMPORTANT ISSUES CNTRY: TERRORISM,,NA,0 = Not mentioned 1 = Mentioned 9 = Inap. (CY-TCC in isocntry),NA,NA,NA,X,,,standard,NA
ZA6928,6928,Eurobarometer 88.3,November,2017,qa3a_7,qa3a_7,IMPORTANT ISSUES CNTRY: HOUSING,,NA,0 = Not mentioned 1 = Mentioned 9 = Inap. (CY-TCC in isocntry),NA,NA,NA,X,,,standard,NA
ZA6928,6928,Eurobarometer 88.3,November,2017,qa3a_8,qa3a_8,IMPORTANT ISSUES CNTRY: GOVERNMENT DEBT,,NA,0 = Not mentioned 1 = Mentioned 9 = Inap. (CY-TCC in isocntry),NA,NA,NA,X,,,standard,NA
ZA6928,6928,Eurobarometer 88.3,November,2017,qa3a_9,qa3a_9,IMPORTANT ISSUES CNTRY: IMMIGRATION,,NA,0 = Not mentioned 1 = Mentioned 9 = Inap. (CY-TCC in isocntry),NA,NA,NA,X,,,standard,NA
ZA6928,6928,Eurobarometer 88.3,November,2017,qa3a_10,qa3a_10,IMPORTANT ISSUES CNTRY: HEALTH & SOC SECURITY,,NA,0 = Not mentioned 1 = Mentioned 9 = Inap. (CY-TCC in isocntry),NA,NA,NA,X,,,standard,NA
ZA6928,6928,Eurobarometer 88.3,November,2017,qa3a_11,qa3a_11,IMPORTANT ISSUES CNTRY: EDUCATION SYSTEM,,NA,0 = Not mentioned 1 = Mentioned 9 = Inap. (CY-TCC in isocntry),NA,NA,NA,X,,,standard,NA
ZA6928,6928,Eurobarometer 88.3,November,2017,qa3a_12,qa3a_12,IMPORTANT ISSUES CNTRY: PENSIONS,,NA,0 = Not mentioned 1 = Mentioned 9 = Inap. (CY-TCC in isocntry),NA,NA,NA,X,,,standard,NA
ZA6928,6928,Eurobarometer 88.3,November,2017,qa3a_13,qa3a_13,IMPORTANT ISSUES CNTRY: THE ENVIRONMENT,,NA,0 = Not mentioned 1 = Mentioned 9 = Inap. (CY-TCC in isocntry),NA,NA,NA,X,,,standard,NA
ZA6928,6928,Eurobarometer 88.3,November,2017,qa3a_14,qa3a_14,IMPORTANT ISSUES CNTRY: OTHER (SPONT),,NA,0 = Not mentioned 1 = Mentioned 9 = Inap. (CY-TCC in isocntry),NA,NA,NA,X,,,standard,NA
ZA6928,6928,Eurobarometer 88.3,November,2017,qa3a_15,qa3a_15,IMPORTANT ISSUES CNTRY: NONE (SPONT),,NA,0 = Not mentioned 1 = Mentioned 9 = Inap. (CY-TCC in isocntry),NA,NA,NA,X,,,standard,NA
ZA6928,6928,Eurobarometer 88.3,November,2017,qa3a_16,qa3a_16,IMPORTANT ISSUES CNTRY: DK,,NA,0 = Not mentioned 1 = Mentioned 9 = Inap. (CY-TCC in isocntry),NA,NA,NA,X,,,standard,NA
ZA6928,6928,Eurobarometer 88.3,November,2017,qa4a_1,qa4a_1,IMPORTANT ISSUES PERS: CRIME,,NA,0 = Not mentioned 1 = Mentioned 9 = Inap. (CY-TCC in isocntry),NA,NA,NA,X,,,standard,NA
ZA6928,6928,Eurobarometer 88.3,November,2017,qa4a_2,qa4a_2,IMPORTANT ISSUES PERS: ECONOMIC SITUATION CNTRY,,NA,0 = Not mentioned 1 = Mentioned 9 = Inap. (CY-TCC in isocntry),NA,NA,NA,X,,,standard,NA
ZA6928,6928,Eurobarometer 88.3,November,2017,qa4a_3,qa4a_3,IMPORTANT ISSUES PERS: RISING PRICES/INFLATION/COST OF LIVING,,NA,0 = Not mentioned 1 = Mentioned 9 = Inap. (CY-TCC in isocntry),NA,NA,NA,X,,,standard,NA
ZA6928,6928,Eurobarometer 88.3,November,2017,qa4a_4,qa4a_4,IMPORTANT ISSUES PERS: TAXATION,,NA,0 = Not mentioned 1 = Mentioned 9 = Inap. (CY-TCC in isocntry),NA,NA,NA,X,,,standard,NA
ZA6928,6928,Eurobarometer 88.3,November,2017,qa4a_5,qa4a_5,IMPORTANT ISSUES PERS: UNEMPLOYMENT,,NA,0 = Not mentioned 1 = Mentioned 9 = Inap. (CY-TCC in isocntry),NA,NA,NA,X,,,standard,NA
ZA6928,6928,Eurobarometer 88.3,November,2017,qa4a_6,qa4a_6,IMPORTANT ISSUES PERS: TERRORISM,,NA,0 = Not mentioned 1 = Mentioned 9 = Inap. (CY-TCC in isocntry),NA,NA,NA,X,,,standard,NA
ZA6928,6928,Eurobarometer 88.3,November,2017,qa4a_7,qa4a_7,IMPORTANT ISSUES PERS: HOUSING,,NA,0 = Not mentioned 1 = Mentioned 9 = Inap. (CY-TCC in isocntry),NA,NA,NA,X,,,standard,NA
ZA6928,6928,Eurobarometer 88.3,November,2017,qa4a_8,qa4a_8,IMPORTANT ISSUES PERS: FINANCIAL SIT HH,,NA,0 = Not mentioned 1 = Mentioned 9 = Inap. (CY-TCC in isocntry),NA,NA,NA,X,,,standard,NA
ZA6928,6928,Eurobarometer 88.3,November,2017,qa4a_9,qa4a_9,IMPORTANT ISSUES PERS: IMMIGRATION,,NA,0 = Not mentioned 1 = Mentioned 9 = Inap. (CY-TCC in isocntry),NA,NA,NA,X,,,standard,NA
ZA6928,6928,Eurobarometer 88.3,November,2017,qa4a_10,qa4a_10,IMPORTANT ISSUES PERS: HEALTH & SOC SECURITY,,NA,0 = Not mentioned 1 = Mentioned 9 = Inap. (CY-TCC in isocntry),NA,NA,NA,X,,,standard,NA
ZA6928,6928,Eurobarometer 88.3,November,2017,qa4a_11,qa4a_11,IMPORTANT ISSUES PERS: EDUCATION SYSTEM,,NA,0 = Not mentioned 1 = Mentioned 9 = Inap. (CY-TCC in isocntry),NA,NA,NA,X,,,standard,NA
ZA6928,6928,Eurobarometer 88.3,November,2017,qa4a_12,qa4a_12,IMPORTANT ISSUES PERS: THE ENVIRONMENT,,NA,0 = Not mentioned 1 = Mentioned 9 = Inap. (CY-TCC in isocntry),NA,NA,NA,X,,,standard,NA
ZA6928,6928,Eurobarometer 88.3,November,2017,qa4a_13,qa4a_13,IMPORTANT ISSUES PERS: PENSIONS,,NA,0 = Not mentioned 1 = Mentioned 9 = Inap. (CY-TCC in isocntry),NA,NA,NA,X,,,standard,NA
ZA6928,6928,Eurobarometer 88.3,November,2017,qa4a_14,qa4a_14,IMPORTANT ISSUES PERS: WORKING CONDITIONS,,NA,0 = Not mentioned 1 = Mentioned 9 = Inap. (CY-TCC in isocntry),NA,NA,NA,X,,,standard,NA
ZA6928,6928,Eurobarometer 88.3,November,2017,qa4a_15,qa4a_15,IMPORTANT ISSUES PERS: LIVING CONDITIONS,,NA,0 = Not mentioned 1 = Mentioned 9 = Inap. (CY-TCC in isocntry),NA,NA,NA,X,,,standard,NA
ZA6928,6928,Eurobarometer 88.3,November,2017,qa4a_16,qa4a_16,IMPORTANT ISSUES PERS: OTHER (SPONT),,NA,0 = Not mentioned 1 = Mentioned 9 = Inap. (CY-TCC in isocntry),NA,NA,NA,X,,,standard,NA
ZA6928,6928,Eurobarometer 88.3,November,2017,qa4a_17,qa4a_17,IMPORTANT ISSUES PERS: NONE (SPONT),,NA,0 = Not mentioned 1 = Mentioned 9 = Inap. (CY-TCC in isocntry),NA,NA,NA,X,,,standard,NA
ZA6928,6928,Eurobarometer 88.3,November,2017,qa4a_18,qa4a_18,IMPORTANT ISSUES PERS: DK,,NA,0 = Not mentioned 1 = Mentioned 9 = Inap. (CY-TCC in isocntry),NA,NA,NA,X,,,standard,NA
ZA6928,6928,Eurobarometer 88.3,November,2017,qa3b_1,qa3b_1,IMPORTANT ISSUES TCC: CRIME,,NA,0 = Not mentioned 1 = Mentioned 9 = Inap. (not CY-TCC in isocntry),NA,NA,NA,X,,,standard,NA
ZA6928,6928,Eurobarometer 88.3,November,2017,qa3b_2,qa3b_2,IMPORTANT ISSUES TCC: ECONOMIC SITUATION,,NA,0 = Not mentioned 1 = Mentioned 9 = Inap. (not CY-TCC in isocntry),NA,NA,NA,X,,,standard,NA
ZA6928,6928,Eurobarometer 88.3,November,2017,qa3b_3,qa3b_3,IMPORTANT ISSUES TCC: RISING PRICES/INFLATION/COST OF LIVING,,NA,0 = Not mentioned 1 = Mentioned 9 = Inap. (not CY-TCC in isocntry),NA,NA,NA,X,,,standard,NA
ZA6928,6928,Eurobarometer 88.3,November,2017,qa3b_4,qa3b_4,IMPORTANT ISSUES TCC: TAXATION,,NA,0 = Not mentioned 1 = Mentioned 9 = Inap. (not CY-TCC in isocntry),NA,NA,NA,X,,,standard,NA
ZA6928,6928,Eurobarometer 88.3,November,2017,qa3b_5,qa3b_5,IMPORTANT ISSUES TCC: UNEMPLOYMENT,,NA,0 = Not mentioned 1 = Mentioned 9 = Inap. (not CY-TCC in isocntry),NA,NA,NA,X,,,standard,NA
ZA6928,6928,Eurobarometer 88.3,November,2017,qa3b_6,qa3b_6,IMPORTANT ISSUES TCC: TERRORISM,,NA,0 = Not mentioned 1 = Mentioned 9 = Inap. (not CY-TCC in isocntry),NA,NA,NA,X,,,standard,NA
ZA6928,6928,Eurobarometer 88.3,November,2017,qa3b_7,qa3b_7,IMPORTANT ISSUES TCC: HOUSING,,NA,0 = Not mentioned 1 = Mentioned 9 = Inap. (not CY-TCC in isocntry),NA,NA,NA,X,,,standard,NA
ZA6928,6928,Eurobarometer 88.3,November,2017,qa3b_8,qa3b_8,IMPORTANT ISSUES TCC: CYPRUS ISSUE,,NA,0 = Not mentioned 1 = Mentioned 9 = Inap. (not CY-TCC in isocntry),NA,NA,NA,X,,,standard,NA
ZA6928,6928,Eurobarometer 88.3,November,2017,qa3b_9,qa3b_9,IMPORTANT ISSUES TCC: IMMIGRATION,,NA,0 = Not mentioned 1 = Mentioned 9 = Inap. (not CY-TCC in isocntry),NA,NA,NA,X,,,standard,NA
ZA6928,6928,Eurobarometer 88.3,November,2017,qa3b_10,qa3b_10,IMPORTANT ISSUES TCC: HEALTH & SOC SECURITY,,NA,0 = Not mentioned 1 = Mentioned 9 = Inap. (not CY-TCC in isocntry),NA,NA,NA,X,,,standard,NA
ZA6928,6928,Eurobarometer 88.3,November,2017,qa3b_11,qa3b_11,IMPORTANT ISSUES TCC: EDUCATION SYSTEM,,NA,0 = Not mentioned 1 = Mentioned 9 = Inap. (not CY-TCC in isocntry),NA,NA,NA,X,,,standard,NA
ZA6928,6928,Eurobarometer 88.3,November,2017,qa3b_12,qa3b_12,IMPORTANT ISSUES TCC: PENSIONS,,NA,0 = Not mentioned 1 = Mentioned 9 = Inap. (not CY-TCC in isocntry),NA,NA,NA,X,,,standard,NA
ZA6928,6928,Eurobarometer 88.3,November,2017,qa3b_13,qa3b_13,IMPORTANT ISSUES TCC: THE ENVIRONMENT,,NA,0 = Not mentioned 1 = Mentioned 9 = Inap. (not CY-TCC in isocntry),NA,NA,NA,X,,,standard,NA
ZA6928,6928,Eurobarometer 88.3,November,2017,qa3b_14,qa3b_14,IMPORTANT ISSUES TCC: OTHER (SPONT),,NA,0 = Not mentioned 1 = Mentioned 9 = Inap. (not CY-TCC in isocntry),NA,NA,NA,X,,,standard,NA
ZA6928,6928,Eurobarometer 88.3,November,2017,qa3b_15,qa3b_15,IMPORTANT ISSUES TCC: NONE (SPONT),,NA,0 = Not mentioned 1 = Mentioned 9 = Inap. (not CY-TCC in isocntry),NA,NA,NA,X,,,standard,NA
ZA6928,6928,Eurobarometer 88.3,November,2017,qa3b_16,qa3b_16,IMPORTANT ISSUES TCC: DK,,NA,0 = Not mentioned 1 = Mentioned 9 = Inap. (not CY-TCC in isocntry),NA,NA,NA,X,,,standard,NA
ZA6928,6928,Eurobarometer 88.3,November,2017,qa4b_1,qa4b_1,IMPORTANT ISSUES PERS: CRIME (TCC),,NA,0 = Not mentioned 1 = Mentioned 9 = Inap. (not CY-TCC in isocntry),NA,NA,NA,X,,,standard,NA
ZA6928,6928,Eurobarometer 88.3,November,2017,qa4b_2,qa4b_2,IMPORTANT ISSUES PERS: ECONOMIC SITUATION (TCC),,NA,0 = Not mentioned 1 = Mentioned 9 = Inap. (not CY-TCC in isocntry),NA,NA,NA,X,,,standard,NA
ZA6928,6928,Eurobarometer 88.3,November,2017,qa4b_3,qa4b_3,IMPORTANT ISSUES PERS: RISING PRICES/INFLATION/COST OF LIVING (TCC),,NA,0 = Not mentioned 1 = Mentioned 9 = Inap. (not CY-TCC in isocntry),NA,NA,NA,X,,,standard,NA
ZA6928,6928,Eurobarometer 88.3,November,2017,qa4b_4,qa4b_4,IMPORTANT ISSUES PERS: TAXATION (TCC),,NA,0 = Not mentioned 1 = Mentioned 9 = Inap. (not CY-TCC in isocntry),NA,NA,NA,X,,,standard,NA
ZA6928,6928,Eurobarometer 88.3,November,2017,qa4b_5,qa4b_5,IMPORTANT ISSUES PERS: UNEMPLOYMENT (TCC),,NA,0 = Not mentioned 1 = Mentioned 9 = Inap. (not CY-TCC in isocntry),NA,NA,NA,X,,,standard,NA
ZA6928,6928,Eurobarometer 88.3,November,2017,qa4b_6,qa4b_6,IMPORTANT ISSUES PERS: TERRORISM (TCC),,NA,0 = Not mentioned 1 = Mentioned 9 = Inap. (not CY-TCC in isocntry),NA,NA,NA,X,,,standard,NA
ZA6928,6928,Eurobarometer 88.3,November,2017,qa4b_7,qa4b_7,IMPORTANT ISSUES PERS: CYPRUS ISSUE (TCC),,NA,0 = Not mentioned 1 = Mentioned 9 = Inap. (not CY-TCC in isocntry),NA,NA,NA,X,,,standard,NA
ZA6928,6928,Eurobarometer 88.3,November,2017,qa4b_8,qa4b_8,IMPORTANT ISSUES PERS: HOUSING (TCC),,NA,0 = Not mentioned 1 = Mentioned 9 = Inap. (not CY-TCC in isocntry),NA,NA,NA,X,,,standard,NA
ZA6928,6928,Eurobarometer 88.3,November,2017,qa4b_9,qa4b_9,IMPORTANT ISSUES PERS: FINANCIAL SIT HH (TCC),,NA,0 = Not mentioned 1 = Mentioned 9 = Inap. (not CY-TCC in isocntry),NA,NA,NA,X,,,standard,NA
ZA6928,6928,Eurobarometer 88.3,November,2017,qa4b_10,qa4b_10,IMPORTANT ISSUES PERS: IMMIGRATION (TCC),,NA,0 = Not mentioned 1 = Mentioned 9 = Inap. (not CY-TCC in isocntry),NA,NA,NA,X,,,standard,NA
ZA6928,6928,Eurobarometer 88.3,November,2017,qa4b_11,qa4b_11,IMPORTANT ISSUES PERS: HEALTH & SOC SECURITY (TCC),,NA,0 = Not mentioned 1 = Mentioned 9 = Inap. (not CY-TCC in isocntry),NA,NA,NA,X,,,standard,NA
ZA6928,6928,Eurobarometer 88.3,November,2017,qa4b_12,qa4b_12,IMPORTANT ISSUES PERS: EDUCATION SYSTEM (TCC),,NA,0 = Not mentioned 1 = Mentioned 9 = Inap. (not CY-TCC in isocntry),NA,NA,NA,X,,,standard,NA
ZA6928,6928,Eurobarometer 88.3,November,2017,qa4b_13,qa4b_13,IMPORTANT ISSUES PERS: THE ENVIRONMENT (TCC),,NA,0 = Not mentioned 1 = Mentioned 9 = Inap. (not CY-TCC in isocntry),NA,NA,NA,X,,,standard,NA
ZA6928,6928,Eurobarometer 88.3,November,2017,qa4b_14,qa4b_14,IMPORTANT ISSUES PERS: WORKING CONDITIONS (TCC),,NA,0 = Not mentioned 1 = Mentioned 9 = Inap. (not CY-TCC in isocntry),NA,NA,NA,X,,,standard,NA
ZA6928,6928,Eurobarometer 88.3,November,2017,qa4b_15,qa4b_15,IMPORTANT ISSUES PERS: LIVING CONDITIONS (TCC),,NA,0 = Not mentioned 1 = Mentioned 9 = Inap. (not CY-TCC in isocntry),NA,NA,NA,X,,,standard,NA
ZA6928,6928,Eurobarometer 88.3,November,2017,qa4b_16,qa4b_16,IMPORTANT ISSUES PERS: OTHER (SPONT) (TCC),,NA,0 = Not mentioned 1 = Mentioned 9 = Inap. (not CY-TCC in isocntry),NA,NA,NA,X,,,standard,NA
ZA6928,6928,Eurobarometer 88.3,November,2017,qa4b_17,qa4b_17,IMPORTANT ISSUES PERS: NONE (SPONT) (TCC),,NA,0 = Not mentioned 1 = Mentioned 9 = Inap. (not CY-TCC in isocntry),NA,NA,NA,X,,,standard,NA
ZA6928,6928,Eurobarometer 88.3,November,2017,qa4b_18,qa4b_18,IMPORTANT ISSUES PERS: DK (TCC),,NA,0 = Not mentioned 1 = Mentioned 9 = Inap. (not CY-TCC in isocntry),NA,NA,NA,X,,,standard,NA
ZA6928,6928,Eurobarometer 88.3,November,2017,qa5_1,qa5_1,IMPORTANT ISSUES EU: CRIME,,NA,0 = Not mentioned 1 = Mentioned 9 = Inap. not EU28 (coded 0 in eu28),NA,NA,NA,X,,,standard,NA
ZA6928,6928,Eurobarometer 88.3,November,2017,qa5_2,qa5_2,IMPORTANT ISSUES EU: ECONOMIC SITUATION,,NA,0 = Not mentioned 1 = Mentioned 9 = Inap. not EU28 (coded 0 in eu28),NA,NA,NA,X,,,standard,NA
ZA6928,6928,Eurobarometer 88.3,November,2017,qa5_3,qa5_3,IMPORTANT ISSUES EU: RISING PRICES/INFLATION/COST OF LIVING,,NA,0 = Not mentioned 1 = Mentioned 9 = Inap. not EU28 (coded 0 in eu28),NA,NA,NA,X,,,standard,NA
ZA6928,6928,Eurobarometer 88.3,November,2017,qa5_4,qa5_4,IMPORTANT ISSUES EU: TAXATION,,NA,0 = Not mentioned 1 = Mentioned 9 = Inap. not EU28 (coded 0 in eu28),NA,NA,NA,X,,,standard,NA
ZA6928,6928,Eurobarometer 88.3,November,2017,qa5_5,qa5_5,IMPORTANT ISSUES EU: UNEMPLOYMENT,,NA,0 = Not mentioned 1 = Mentioned 9 = Inap. not EU28 (coded 0 in eu28),NA,NA,NA,X,,,standard,NA
ZA6928,6928,Eurobarometer 88.3,November,2017,qa5_6,qa5_6,IMPORTANT ISSUES EU: TERRORISM,,NA,0 = Not mentioned 1 = Mentioned 9 = Inap. not EU28 (coded 0 in eu28),NA,NA,NA,X,,,standard,NA
ZA6928,6928,Eurobarometer 88.3,November,2017,qa5_7,qa5_7,IMPORTANT ISSUES EU: INFLUENCE IN THE WORLD,,NA,0 = Not mentioned 1 = Mentioned 9 = Inap. not EU28 (coded 0 in eu28),NA,NA,NA,X,,,standard,NA
ZA6928,6928,Eurobarometer 88.3,November,2017,qa5_8,qa5_8,IMPORTANT ISSUES EU: MEMBER FINANCES,,NA,0 = Not mentioned 1 = Mentioned 9 = Inap. not EU28 (coded 0 in eu28),NA,NA,NA,X,,,standard,NA
ZA6928,6928,Eurobarometer 88.3,November,2017,qa5_9,qa5_9,IMPORTANT ISSUES EU: IMMIGRATION,,NA,0 = Not mentioned 1 = Mentioned 9 = Inap. not EU28 (coded 0 in eu28),NA,NA,NA,X,,,standard,NA
ZA6928,6928,Eurobarometer 88.3,November,2017,qa5_10,qa5_10,IMPORTANT ISSUES EU: PENSIONS,,NA,0 = Not mentioned 1 = Mentioned 9 = Inap. not EU28 (coded 0 in eu28),NA,NA,NA,X,,,standard,NA
ZA6928,6928,Eurobarometer 88.3,November,2017,qa5_11,qa5_11,IMPORTANT ISSUES EU: THE ENVIRONMENT,,NA,0 = Not mentioned 1 = Mentioned 9 = Inap. not EU28 (coded 0 in eu28),NA,NA,NA,X,,,standard,NA
ZA6928,6928,Eurobarometer 88.3,November,2017,qa5_12,qa5_12,IMPORTANT ISSUES EU: ENERGY SUPPLY,,NA,0 = Not mentioned 1 = Mentioned 9 = Inap. not EU28 (coded 0 in eu28),NA,NA,NA,X,,,standard,NA
ZA6928,6928,Eurobarometer 88.3,November,2017,qa5_13,qa5_13,IMPORTANT ISSUES EU: CLIMATE CHANGE,,NA,0 = Not mentioned 1 = Mentioned 9 = Inap. not EU28 (coded 0 in eu28),NA,NA,NA,X,,,standard,NA
ZA6928,6928,Eurobarometer 88.3,November,2017,qa5_14,qa5_14,IMPORTANT ISSUES EU: OTHER (SPONT),,NA,0 = Not mentioned 1 = Mentioned 9 = Inap. not EU28 (coded 0 in eu28),NA,NA,NA,X,,,standard,NA
ZA6928,6928,Eurobarometer 88.3,November,2017,qa5_15,qa5_15,IMPORTANT ISSUES EU: NONE (SPONT),,NA,0 = Not mentioned 1 = Mentioned 9 = Inap. not EU28 (coded 0 in eu28),NA,NA,NA,X,,,standard,NA
ZA6928,6928,Eurobarometer 88.3,November,2017,qa5_16,qa5_16,IMPORTANT ISSUES EU: DK,,NA,0 = Not mentioned 1 = Mentioned 9 = Inap. not EU28 (coded 0 in eu28),NA,NA,NA,X,,,standard,NA
ZA6963,6963,Eurobarometer 89.1,March,2018,isocntry,isocntry,COUNTRY CODE - ISO 3166,,isocntry, = BE  = DK  = GR  = ES  = FI  = FR  = IE  = IT  = LU  = NL  = AT  = PT  = SE  = DE-W  = DE-E  = GB-GBN  = GB-NIR  = BG  = CY  = CZ  = EE  = HU  = LV  = LT  = MT  = PL  = RO  = SK  = SI  = TR  = HR  = CY-TCC  = MK  = ME  = RS  = AL,NA,NA,NA,X,,,standard,NA
ZA6963,6963,Eurobarometer 89.1,March,2018,qa3a.1,qa3a.1,IMPORTANT ISSUES CNTRY: CRIME,,NA,0 = Not mentioned 1 = Crime 9 = Inap. (CY-TCC in isocntry),NA,NA,NA,X,,,standard,NA
ZA6963,6963,Eurobarometer 89.1,March,2018,qa3a.2,qa3a.2,IMPORTANT ISSUES CNTRY: ECONOMIC SITUATION,,NA,0 = Not mentioned 1 = Economic situation 9 = Inap. (CY-TCC in isocntry),NA,NA,NA,X,,,standard,NA
ZA6963,6963,Eurobarometer 89.1,March,2018,qa3a.3,qa3a.3,IMPORTANT ISSUES CNTRY: RISING PRICES/INFLATION,,NA,0 = Not mentioned 1 = Rising prices / inflation / cost of living 9 = Inap. (CY-TCC in isocntry),NA,NA,NA,X,,,standard,NA
ZA6963,6963,Eurobarometer 89.1,March,2018,qa3a.4,qa3a.4,IMPORTANT ISSUES CNTRY: TAXATION,,NA,0 = Not mentioned 1 = Taxation 9 = Inap. (CY-TCC in isocntry),NA,NA,NA,X,,,standard,NA
ZA6963,6963,Eurobarometer 89.1,March,2018,qa3a.5,qa3a.5,IMPORTANT ISSUES CNTRY: UNEMPLOYMENT,,NA,0 = Not mentioned 1 = Unemployment 9 = Inap. (CY-TCC in isocntry),NA,NA,NA,X,,,standard,NA
ZA6963,6963,Eurobarometer 89.1,March,2018,qa3a.6,qa3a.6,IMPORTANT ISSUES CNTRY: TERRORISM,,NA,0 = Not mentioned 1 = Terrorism 9 = Inap. (CY-TCC in isocntry),NA,NA,NA,X,,,standard,NA
ZA6963,6963,Eurobarometer 89.1,March,2018,qa3a.7,qa3a.7,IMPORTANT ISSUES CNTRY: HOUSING,,NA,0 = Not mentioned 1 = Housing 9 = Inap. (CY-TCC in isocntry),NA,NA,NA,X,,,standard,NA
ZA6963,6963,Eurobarometer 89.1,March,2018,qa3a.8,qa3a.8,IMPORTANT ISSUES CNTRY: GOVERNMENT DEBT,,NA,0 = Not mentioned 1 = Government debt 9 = Inap. (CY-TCC in isocntry),NA,NA,NA,X,,,standard,NA
ZA6963,6963,Eurobarometer 89.1,March,2018,qa3a.9,qa3a.9,IMPORTANT ISSUES CNTRY: IMMIGRATION,,NA,0 = Not mentioned 1 = Immigration 9 = Inap. (CY-TCC in isocntry),NA,NA,NA,X,,,standard,NA
ZA6963,6963,Eurobarometer 89.1,March,2018,qa3a.10,qa3a.10,IMPORTANT ISSUES CNTRY: HEALTH & SOC SECURITY,,NA,0 = Not mentioned 1 = Health and social security 9 = Inap. (CY-TCC in isocntry),NA,NA,NA,X,,,standard,NA
ZA6963,6963,Eurobarometer 89.1,March,2018,qa3a.11,qa3a.11,IMPORTANT ISSUES CNTRY: EDUCATION SYSTEM,,NA,0 = Not mentioned 1 = The education system 9 = Inap. (CY-TCC in isocntry),NA,NA,NA,X,,,standard,NA
ZA6963,6963,Eurobarometer 89.1,March,2018,qa3a.12,qa3a.12,IMPORTANT ISSUES CNTRY: PENSIONS,,NA,0 = Not mentioned 1 = Pensions 9 = Inap. (CY-TCC in isocntry),NA,NA,NA,X,,,standard,NA
ZA6963,6963,Eurobarometer 89.1,March,2018,qa3a.13,qa3a.13,IMPORTANT ISSUES CNTRY: THE ENVIRONMENT,,NA,"0 = Not mentioned 1 = The environment, climate and energy issues 9 = Inap. (CY-TCC in isocntry)",NA,NA,NA,X,,,standard,NA
ZA6963,6963,Eurobarometer 89.1,March,2018,qa3a.14,qa3a.14,IMPORTANT ISSUES CNTRY: OTHER (SPONT),,NA,0 = Not mentioned 1 = Other (SPONTANEOUS) 9 = Inap. (CY-TCC in isocntry),NA,NA,NA,X,,,standard,NA
ZA6963,6963,Eurobarometer 89.1,March,2018,qa3a.15,qa3a.15,IMPORTANT ISSUES CNTRY: NONE (SPONT),,NA,0 = Not mentioned 1 = None (SPONTANEOUS) 9 = Inap. (CY-TCC in isocntry),NA,NA,NA,X,,,standard,NA
ZA6963,6963,Eurobarometer 89.1,March,2018,qa3a.16,qa3a.16,IMPORTANT ISSUES CNTRY: DK,,NA,0 = Not mentioned 1 = DK 9 = Inap. (CY-TCC in isocntry),NA,NA,NA,X,,,standard,NA
ZA6963,6963,Eurobarometer 89.1,March,2018,qa4a.1,qa4a.1,IMPORTANT ISSUES PERS: CRIME,,NA,0 = Not mentioned 1 = Crime 9 = Inap. (CY-TCC in isocntry),NA,NA,NA,X,,,standard,NA
ZA6963,6963,Eurobarometer 89.1,March,2018,qa4a.2,qa4a.2,IMPORTANT ISSUES PERS: ECONOMIC SITUATION,,NA,0 = Not mentioned 1 = The economic situation in (OUR COUNTRY) 9 = Inap. (CY-TCC in isocntry),NA,NA,NA,X,,,standard,NA
ZA6963,6963,Eurobarometer 89.1,March,2018,qa4a.3,qa4a.3,IMPORTANT ISSUES PERS: RISING PRICES/INFLATION,,NA,0 = Not mentioned 1 = Rising prices / inflation / cost of living 9 = Inap. (CY-TCC in isocntry),NA,NA,NA,X,,,standard,NA
ZA6963,6963,Eurobarometer 89.1,March,2018,qa4a.4,qa4a.4,IMPORTANT ISSUES PERS: TAXATION,,NA,0 = Not mentioned 1 = Taxation 9 = Inap. (CY-TCC in isocntry),NA,NA,NA,X,,,standard,NA
ZA6963,6963,Eurobarometer 89.1,March,2018,qa4a.5,qa4a.5,IMPORTANT ISSUES PERS: UNEMPLOYMENT,,NA,0 = Not mentioned 1 = Unemployment 9 = Inap. (CY-TCC in isocntry),NA,NA,NA,X,,,standard,NA
ZA6963,6963,Eurobarometer 89.1,March,2018,qa4a.6,qa4a.6,IMPORTANT ISSUES PERS: TERRORISM,,NA,0 = Not mentioned 1 = Terrorism 9 = Inap. (CY-TCC in isocntry),NA,NA,NA,X,,,standard,NA
ZA6963,6963,Eurobarometer 89.1,March,2018,qa4a.7,qa4a.7,IMPORTANT ISSUES PERS: HOUSING,,NA,0 = Not mentioned 1 = Housing 9 = Inap. (CY-TCC in isocntry),NA,NA,NA,X,,,standard,NA
ZA6963,6963,Eurobarometer 89.1,March,2018,qa4a.8,qa4a.8,IMPORTANT ISSUES PERS: FINANCIAL SIT HH,,NA,0 = Not mentioned 1 = The financial situation of your household 9 = Inap. (CY-TCC in isocntry),NA,NA,NA,X,,,standard,NA
ZA6963,6963,Eurobarometer 89.1,March,2018,qa4a.9,qa4a.9,IMPORTANT ISSUES PERS: IMMIGRATION,,NA,0 = Not mentioned 1 = Immigration 9 = Inap. (CY-TCC in isocntry),NA,NA,NA,X,,,standard,NA
ZA6963,6963,Eurobarometer 89.1,March,2018,qa4a.10,qa4a.10,IMPORTANT ISSUES PERS: HEALTH & SOC SECURITY,,NA,0 = Not mentioned 1 = Health and social security 9 = Inap. (CY-TCC in isocntry),NA,NA,NA,X,,,standard,NA
ZA6963,6963,Eurobarometer 89.1,March,2018,qa4a.11,qa4a.11,IMPORTANT ISSUES PERS: EDUCATION SYSTEM,,NA,0 = Not mentioned 1 = The education system 9 = Inap. (CY-TCC in isocntry),NA,NA,NA,X,,,standard,NA
ZA6963,6963,Eurobarometer 89.1,March,2018,qa4a.12,qa4a.12,IMPORTANT ISSUES PERS: THE ENVIRONMENT,,NA,"0 = Not mentioned 1 = The environment, climate and energy issues 9 = Inap. (CY-TCC in isocntry)",NA,NA,NA,X,,,standard,NA
ZA6963,6963,Eurobarometer 89.1,March,2018,qa4a.13,qa4a.13,IMPORTANT ISSUES PERS: PENSIONS,,NA,0 = Not mentioned 1 = Pensions 9 = Inap. (CY-TCC in isocntry),NA,NA,NA,X,,,standard,NA
ZA6963,6963,Eurobarometer 89.1,March,2018,qa4a.14,qa4a.14,IMPORTANT ISSUES PERS: WORKING CONDITIONS,,NA,0 = Not mentioned 1 = Working conditions 9 = Inap. (CY-TCC in isocntry),NA,NA,NA,X,,,standard,NA
ZA6963,6963,Eurobarometer 89.1,March,2018,qa4a.15,qa4a.15,IMPORTANT ISSUES PERS: LIVING CONDITIONS,,NA,0 = Not mentioned 1 = Living conditions 9 = Inap. (CY-TCC in isocntry),NA,NA,NA,X,,,standard,NA
ZA6963,6963,Eurobarometer 89.1,March,2018,qa4a.16,qa4a.16,IMPORTANT ISSUES PERS: OTHER (SPONT),,NA,0 = Not mentioned 1 = Other (SPONTANEOUS) 9 = Inap. (CY-TCC in isocntry),NA,NA,NA,X,,,standard,NA
ZA6963,6963,Eurobarometer 89.1,March,2018,qa4a.17,qa4a.17,IMPORTANT ISSUES PERS: NONE (SPONT),,NA,0 = Not mentioned 1 = None (SPONTANEOUS) 9 = Inap. (CY-TCC in isocntry),NA,NA,NA,X,,,standard,NA
ZA6963,6963,Eurobarometer 89.1,March,2018,qa4a.18,qa4a.18,IMPORTANT ISSUES PERS: DK,,NA,0 = Not mentioned 1 = DK 9 = Inap. (CY-TCC in isocntry),NA,NA,NA,X,,,standard,NA
ZA6963,6963,Eurobarometer 89.1,March,2018,qa3b.1,qa3b.1,IMPORTANT ISSUES TCC: CRIME,,NA,0 = Not mentioned 1 = Crime 9 = Inap. (not CY-TCC in isocntry),NA,NA,NA,X,,,standard,NA
ZA6963,6963,Eurobarometer 89.1,March,2018,qa3b.2,qa3b.2,IMPORTANT ISSUES TCC: ECONOMIC SITUATION,,NA,0 = Not mentioned 1 = Economic situation 9 = Inap. (not CY-TCC in isocntry),NA,NA,NA,X,,,standard,NA
ZA6963,6963,Eurobarometer 89.1,March,2018,qa3b.3,qa3b.3,IMPORTANT ISSUES TCC: RISING PRICES/INFLATION,,NA,0 = Not mentioned 1 = Rising prices / inflation / cost of living 9 = Inap. (not CY-TCC in isocntry),NA,NA,NA,X,,,standard,NA
ZA6963,6963,Eurobarometer 89.1,March,2018,qa3b.4,qa3b.4,IMPORTANT ISSUES TCC: TAXATION,,NA,0 = Not mentioned 1 = Taxation 9 = Inap. (not CY-TCC in isocntry),NA,NA,NA,X,,,standard,NA
ZA6963,6963,Eurobarometer 89.1,March,2018,qa3b.5,qa3b.5,IMPORTANT ISSUES TCC: UNEMPLOYMENT,,NA,0 = Not mentioned 1 = Unemployment 9 = Inap. (not CY-TCC in isocntry),NA,NA,NA,X,,,standard,NA
ZA6963,6963,Eurobarometer 89.1,March,2018,qa3b.6,qa3b.6,IMPORTANT ISSUES TCC: TERRORISM,,NA,0 = Not mentioned 1 = Terrorism 9 = Inap. (not CY-TCC in isocntry),NA,NA,NA,X,,,standard,NA
ZA6963,6963,Eurobarometer 89.1,March,2018,qa3b.7,qa3b.7,IMPORTANT ISSUES TCC: HOUSING,,NA,0 = Not mentioned 1 = Housing 9 = Inap. (not CY-TCC in isocntry),NA,NA,NA,X,,,standard,NA
ZA6963,6963,Eurobarometer 89.1,March,2018,qa3b.8,qa3b.8,IMPORTANT ISSUES TCC: CYPRUS ISSUE,,NA,0 = Not mentioned 1 = Cyprus issue 9 = Inap. (not CY-TCC in isocntry),NA,NA,NA,X,,,standard,NA
ZA6963,6963,Eurobarometer 89.1,March,2018,qa3b.9,qa3b.9,IMPORTANT ISSUES TCC: IMMIGRATION,,NA,0 = Not mentioned 1 = Immigration 9 = Inap. (not CY-TCC in isocntry),NA,NA,NA,X,,,standard,NA
ZA6963,6963,Eurobarometer 89.1,March,2018,qa3b.10,qa3b.10,IMPORTANT ISSUES TCC: HEALTH & SOC SECURITY,,NA,0 = Not mentioned 1 = Health and social security 9 = Inap. (not CY-TCC in isocntry),NA,NA,NA,X,,,standard,NA
ZA6963,6963,Eurobarometer 89.1,March,2018,qa3b.11,qa3b.11,IMPORTANT ISSUES TCC: EDUCATION SYSTEM,,NA,0 = Not mentioned 1 = The education system 9 = Inap. (not CY-TCC in isocntry),NA,NA,NA,X,,,standard,NA
ZA6963,6963,Eurobarometer 89.1,March,2018,qa3b.12,qa3b.12,IMPORTANT ISSUES TCC: PENSIONS,,NA,0 = Not mentioned 1 = Pensions 9 = Inap. (not CY-TCC in isocntry),NA,NA,NA,X,,,standard,NA
ZA6963,6963,Eurobarometer 89.1,March,2018,qa3b.13,qa3b.13,IMPORTANT ISSUES TCC: THE ENVIRONMENT,,NA,"0 = Not mentioned 1 = The environment, climate and energy issues 9 = Inap. (not CY-TCC in isocntry)",NA,NA,NA,X,,,standard,NA
ZA6963,6963,Eurobarometer 89.1,March,2018,qa3b.14,qa3b.14,IMPORTANT ISSUES TCC: OTHER (SPONT),,NA,0 = Not mentioned 1 = Other (SPONTANEOUS) 9 = Inap. (not CY-TCC in isocntry),NA,NA,NA,X,,,standard,NA
ZA6963,6963,Eurobarometer 89.1,March,2018,qa3b.15,qa3b.15,IMPORTANT ISSUES TCC: NONE (SPONT),,NA,0 = Not mentioned 1 = None (SPONTANEOUS) 9 = Inap. (not CY-TCC in isocntry),NA,NA,NA,X,,,standard,NA
ZA6963,6963,Eurobarometer 89.1,March,2018,qa3b.16,qa3b.16,IMPORTANT ISSUES TCC: DK,,NA,0 = Not mentioned 1 = DK 9 = Inap. (not CY-TCC in isocntry),NA,NA,NA,X,,,standard,NA
ZA6963,6963,Eurobarometer 89.1,March,2018,qa4b.1,qa4b.1,IMPORTANT ISSUES PERS: CRIME (TCC),,NA,0 = Not mentioned 1 = Crime 9 = Inap. (not CY-TCC in isocntry),NA,NA,NA,X,,,standard,NA
ZA6963,6963,Eurobarometer 89.1,March,2018,qa4b.2,qa4b.2,IMPORTANT ISSUES PERS: ECONOMIC SITUATION (TCC),,NA,0 = Not mentioned 1 = The economic situation in our Community 9 = Inap. (not CY-TCC in isocntry),NA,NA,NA,X,,,standard,NA
ZA6963,6963,Eurobarometer 89.1,March,2018,qa4b.3,qa4b.3,IMPORTANT ISSUES PERS: RISING PRICES/INFLATION (TCC),,NA,0 = Not mentioned 1 = Rising prices / inflation / cost of living 9 = Inap. (not CY-TCC in isocntry),NA,NA,NA,X,,,standard,NA
ZA6963,6963,Eurobarometer 89.1,March,2018,qa4b.4,qa4b.4,IMPORTANT ISSUES PERS: TAXATION (TCC),,NA,0 = Not mentioned 1 = Taxation 9 = Inap. (not CY-TCC in isocntry),NA,NA,NA,X,,,standard,NA
ZA6963,6963,Eurobarometer 89.1,March,2018,qa4b.5,qa4b.5,IMPORTANT ISSUES PERS: UNEMPLOYMENT (TCC),,NA,0 = Not mentioned 1 = Unemployment 9 = Inap. (not CY-TCC in isocntry),NA,NA,NA,X,,,standard,NA
ZA6963,6963,Eurobarometer 89.1,March,2018,qa4b.6,qa4b.6,IMPORTANT ISSUES PERS: TERRORISM (TCC),,NA,0 = Not mentioned 1 = Terrorism 9 = Inap. (not CY-TCC in isocntry),NA,NA,NA,X,,,standard,NA
ZA6963,6963,Eurobarometer 89.1,March,2018,qa4b.7,qa4b.7,IMPORTANT ISSUES PERS: CYPRUS ISSUE (TCC),,NA,0 = Not mentioned 1 = Cyprus issue 9 = Inap. (not CY-TCC in isocntry),NA,NA,NA,X,,,standard,NA
ZA6963,6963,Eurobarometer 89.1,March,2018,qa4b.8,qa4b.8,IMPORTANT ISSUES PERS: HOUSING (TCC),,NA,0 = Not mentioned 1 = Housing 9 = Inap. (not CY-TCC in isocntry),NA,NA,NA,X,,,standard,NA
ZA6963,6963,Eurobarometer 89.1,March,2018,qa4b.9,qa4b.9,IMPORTANT ISSUES PERS: FINANCIAL SIT HH (TCC),,NA,0 = Not mentioned 1 = The financial situation of your household 9 = Inap. (not CY-TCC in isocntry),NA,NA,NA,X,,,standard,NA
ZA6963,6963,Eurobarometer 89.1,March,2018,qa4b.10,qa4b.10,IMPORTANT ISSUES PERS: IMMIGRATION (TCC),,NA,0 = Not mentioned 1 = Immigration 9 = Inap. (not CY-TCC in isocntry),NA,NA,NA,X,,,standard,NA
ZA6963,6963,Eurobarometer 89.1,March,2018,qa4b.11,qa4b.11,IMPORTANT ISSUES PERS: HEALTH & SOC SECURITY (TCC),,NA,0 = Not mentioned 1 = Health and social security 9 = Inap. (not CY-TCC in isocntry),NA,NA,NA,X,,,standard,NA
ZA6963,6963,Eurobarometer 89.1,March,2018,qa4b.12,qa4b.12,IMPORTANT ISSUES PERS: EDUCATION SYSTEM (TCC),,NA,0 = Not mentioned 1 = The education system 9 = Inap. (not CY-TCC in isocntry),NA,NA,NA,X,,,standard,NA
ZA6963,6963,Eurobarometer 89.1,March,2018,qa4b.13,qa4b.13,IMPORTANT ISSUES PERS: THE ENVIRONMENT (TCC),,NA,"0 = Not mentioned 1 = The environment, climate and energy issues 9 = Inap. (not CY-TCC in isocntry)",NA,NA,NA,X,,,standard,NA
ZA6963,6963,Eurobarometer 89.1,March,2018,qa4b.14,qa4b.14,IMPORTANT ISSUES PERS: WORKING CONDITIONS (TCC),,NA,0 = Not mentioned 1 = Working conditions 9 = Inap. (not CY-TCC in isocntry),NA,NA,NA,X,,,standard,NA
ZA6963,6963,Eurobarometer 89.1,March,2018,qa4b.15,qa4b.15,IMPORTANT ISSUES PERS: LIVING CONDITIONS (TCC),,NA,0 = Not mentioned 1 = Living conditions 9 = Inap. (not CY-TCC in isocntry),NA,NA,NA,X,,,standard,NA
ZA6963,6963,Eurobarometer 89.1,March,2018,qa4b.16,qa4b.16,IMPORTANT ISSUES PERS: OTHER (SPONT) (TCC),,NA,0 = Not mentioned 1 = Other (SPONTANEOUS) 9 = Inap. (not CY-TCC in isocntry),NA,NA,NA,X,,,standard,NA
ZA6963,6963,Eurobarometer 89.1,March,2018,qa4b.17,qa4b.17,IMPORTANT ISSUES PERS: NONE (SPONT) (TCC),,NA,0 = Not mentioned 1 = None (SPONTANEOUS) 9 = Inap. (not CY-TCC in isocntry),NA,NA,NA,X,,,standard,NA
ZA6963,6963,Eurobarometer 89.1,March,2018,qa4b.18,qa4b.18,IMPORTANT ISSUES PERS: DK (TCC),,NA,0 = Not mentioned 1 = DK 9 = Inap. (not CY-TCC in isocntry),NA,NA,NA,X,,,standard,NA
ZA6963,6963,Eurobarometer 89.1,March,2018,qa5.1,qa5.1,IMPORTANT ISSUES EU: CRIME,,NA,0 = Not mentioned 1 = Crime 9 = Inap. (not 1 in eu28),NA,NA,NA,X,,,standard,NA
ZA6963,6963,Eurobarometer 89.1,March,2018,qa5.2,qa5.2,IMPORTANT ISSUES EU: ECONOMIC SITUATION,,NA,0 = Not mentioned 1 = Economic situation 9 = Inap. (not 1 in eu28),NA,NA,NA,X,,,standard,NA
ZA6963,6963,Eurobarometer 89.1,March,2018,qa5.3,qa5.3,IMPORTANT ISSUES EU: RISING PRICES/INFLATION,,NA,0 = Not mentioned 1 = Rising prices/ inflation/ cost of living 9 = Inap. (not 1 in eu28),NA,NA,NA,X,,,standard,NA
ZA6963,6963,Eurobarometer 89.1,March,2018,qa5.4,qa5.4,IMPORTANT ISSUES EU: TAXATION,,NA,0 = Not mentioned 1 = Taxation 9 = Inap. (not 1 in eu28),NA,NA,NA,X,,,standard,NA
ZA6963,6963,Eurobarometer 89.1,March,2018,qa5.5,qa5.5,IMPORTANT ISSUES EU: UNEMPLOYMENT,,NA,0 = Not mentioned 1 = Unemployment 9 = Inap. (not 1 in eu28),NA,NA,NA,X,,,standard,NA
ZA6963,6963,Eurobarometer 89.1,March,2018,qa5.6,qa5.6,IMPORTANT ISSUES EU: TERRORISM,,NA,0 = Not mentioned 1 = Terrorism 9 = Inap. (not 1 in eu28),NA,NA,NA,X,,,standard,NA
ZA6963,6963,Eurobarometer 89.1,March,2018,qa5.7,qa5.7,IMPORTANT ISSUES EU: INFLUENCE IN THE WORLD,,NA,0 = Not mentioned 1 = EU's influence in the world 9 = Inap. (not 1 in eu28),NA,NA,NA,X,,,standard,NA
ZA6963,6963,Eurobarometer 89.1,March,2018,qa5.8,qa5.8,IMPORTANT ISSUES EU: MEMBER FINANCES,,NA,0 = Not mentioned 1 = The state of Member States' public finances 9 = Inap. (not 1 in eu28),NA,NA,NA,X,,,standard,NA
ZA6963,6963,Eurobarometer 89.1,March,2018,qa5.9,qa5.9,IMPORTANT ISSUES EU: IMMIGRATION,,NA,0 = Not mentioned 1 = Immigration 9 = Inap. (not 1 in eu28),NA,NA,NA,X,,,standard,NA
ZA6963,6963,Eurobarometer 89.1,March,2018,qa5.10,qa5.10,IMPORTANT ISSUES EU: PENSIONS,,NA,0 = Not mentioned 1 = Pensions 9 = Inap. (not 1 in eu28),NA,NA,NA,X,,,standard,NA
ZA6963,6963,Eurobarometer 89.1,March,2018,qa5.11,qa5.11,IMPORTANT ISSUES EU: THE ENVIRONMENT,,NA,0 = Not mentioned 1 = The environment 9 = Inap. (not 1 in eu28),NA,NA,NA,X,,,standard,NA
ZA6963,6963,Eurobarometer 89.1,March,2018,qa5.12,qa5.12,IMPORTANT ISSUES EU: ENERGY SUPPLY,,NA,0 = Not mentioned 1 = Energy supply 9 = Inap. (not 1 in eu28),NA,NA,NA,X,,,standard,NA
ZA6963,6963,Eurobarometer 89.1,March,2018,qa5.13,qa5.13,IMPORTANT ISSUES EU: CLIMATE CHANGE,,NA,0 = Not mentioned 1 = Climate change 9 = Inap. (not 1 in eu28),NA,NA,NA,X,,,standard,NA
ZA6963,6963,Eurobarometer 89.1,March,2018,qa5.14,qa5.14,IMPORTANT ISSUES EU: OTHER (SPONT),,NA,0 = Not mentioned 1 = Other (SPONTANEOUS) 9 = Inap. (not 1 in eu28),NA,NA,NA,X,,,standard,NA
ZA6963,6963,Eurobarometer 89.1,March,2018,qa5.15,qa5.15,IMPORTANT ISSUES EU: NONE (SPONT),,NA,0 = Not mentioned 1 = None (SPONTANEOUS) 9 = Inap. (not 1 in eu28),NA,NA,NA,X,,,standard,NA
ZA6963,6963,Eurobarometer 89.1,March,2018,qa5.16,qa5.16,IMPORTANT ISSUES EU: DK,,NA,0 = Not mentioned 1 = DK 9 = Inap. (not 1 in eu28),NA,NA,NA,X,,,standard,NA
ZA7489,7489,Eurobarometer 90.3,November,2018,isocntry,isocntry,COUNTRY CODE - ISO 3166,,isocntry, = BE  = DK  = GR  = ES  = FI  = FR  = IE  = IT  = LU  = NL  = AT  = PT  = SE  = DE-W  = DE-E  = GB  = BG  = CY  = CZ  = EE  = HU  = LV  = LT  = MT  = PL  = RO  = SK  = SI  = TR  = HR  = CY-TCC  = MK  = ME  = RS  = AL,NA,NA,NA,X,,,standard,NA
ZA7489,7489,Eurobarometer 90.3,November,2018,qa3a.1,qa3a.1,IMPORTANT ISSUES CNTRY: CRIME,,NA,0 = Not mentioned 1 = Crime 9 = Inap. (CY-TCC in isocntry),NA,NA,NA,X,,,standard,NA
ZA7489,7489,Eurobarometer 90.3,November,2018,qa3a.2,qa3a.2,IMPORTANT ISSUES CNTRY: ECONOMIC SITUATION,,NA,0 = Not mentioned 1 = Economic situation 9 = Inap. (CY-TCC in isocntry),NA,NA,NA,X,,,standard,NA
ZA7489,7489,Eurobarometer 90.3,November,2018,qa3a.3,qa3a.3,IMPORTANT ISSUES CNTRY: RISING PRICES/INFLATION,,NA,0 = Not mentioned 1 = Rising prices / inflation / cost of living 9 = Inap. (CY-TCC in isocntry),NA,NA,NA,X,,,standard,NA
ZA7489,7489,Eurobarometer 90.3,November,2018,qa3a.4,qa3a.4,IMPORTANT ISSUES CNTRY: TAXATION,,NA,0 = Not mentioned 1 = Taxation 9 = Inap. (CY-TCC in isocntry),NA,NA,NA,X,,,standard,NA
ZA7489,7489,Eurobarometer 90.3,November,2018,qa3a.5,qa3a.5,IMPORTANT ISSUES CNTRY: UNEMPLOYMENT,,NA,0 = Not mentioned 1 = Unemployment 9 = Inap. (CY-TCC in isocntry),NA,NA,NA,X,,,standard,NA
ZA7489,7489,Eurobarometer 90.3,November,2018,qa3a.6,qa3a.6,IMPORTANT ISSUES CNTRY: TERRORISM,,NA,0 = Not mentioned 1 = Terrorism 9 = Inap. (CY-TCC in isocntry),NA,NA,NA,X,,,standard,NA
ZA7489,7489,Eurobarometer 90.3,November,2018,qa3a.7,qa3a.7,IMPORTANT ISSUES CNTRY: HOUSING,,NA,0 = Not mentioned 1 = Housing 9 = Inap. (CY-TCC in isocntry),NA,NA,NA,X,,,standard,NA
ZA7489,7489,Eurobarometer 90.3,November,2018,qa3a.8,qa3a.8,IMPORTANT ISSUES CNTRY: GOVERNMENT DEBT,,NA,0 = Not mentioned 1 = Government debt 9 = Inap. (CY-TCC in isocntry),NA,NA,NA,X,,,standard,NA
ZA7489,7489,Eurobarometer 90.3,November,2018,qa3a.9,qa3a.9,IMPORTANT ISSUES CNTRY: IMMIGRATION,,NA,0 = Not mentioned 1 = Immigration 9 = Inap. (CY-TCC in isocntry),NA,NA,NA,X,,,standard,NA
ZA7489,7489,Eurobarometer 90.3,November,2018,qa3a.10,qa3a.10,IMPORTANT ISSUES CNTRY: HEALTH & SOC SECURITY,,NA,0 = Not mentioned 1 = Health and social security 9 = Inap. (CY-TCC in isocntry),NA,NA,NA,X,,,standard,NA
ZA7489,7489,Eurobarometer 90.3,November,2018,qa3a.11,qa3a.11,IMPORTANT ISSUES CNTRY: EDUCATION SYSTEM,,NA,0 = Not mentioned 1 = The education system 9 = Inap. (CY-TCC in isocntry),NA,NA,NA,X,,,standard,NA
ZA7489,7489,Eurobarometer 90.3,November,2018,qa3a.12,qa3a.12,IMPORTANT ISSUES CNTRY: PENSIONS,,NA,0 = Not mentioned 1 = Pensions 9 = Inap. (CY-TCC in isocntry),NA,NA,NA,X,,,standard,NA
ZA7489,7489,Eurobarometer 90.3,November,2018,qa3a.13,qa3a.13,IMPORTANT ISSUES CNTRY: THE ENVIRONMENT,,NA,"0 = Not mentioned 1 = The environment, climate and energy issues 9 = Inap. (CY-TCC in isocntry)",NA,NA,NA,X,,,standard,NA
ZA7489,7489,Eurobarometer 90.3,November,2018,qa3a.14,qa3a.14,IMPORTANT ISSUES CNTRY: OTHER (SPONT),,NA,0 = Not mentioned 1 = Other (SPONTANEOUS) 9 = Inap. (CY-TCC in isocntry),NA,NA,NA,X,,,standard,NA
ZA7489,7489,Eurobarometer 90.3,November,2018,qa3a.15,qa3a.15,IMPORTANT ISSUES CNTRY: NONE (SPONT),,NA,0 = Not mentioned 1 = None (SPONTANEOUS) 9 = Inap. (CY-TCC in isocntry),NA,NA,NA,X,,,standard,NA
ZA7489,7489,Eurobarometer 90.3,November,2018,qa3a.16,qa3a.16,IMPORTANT ISSUES CNTRY: DK,,NA,0 = Not mentioned 1 = DK 9 = Inap. (CY-TCC in isocntry),NA,NA,NA,X,,,standard,NA
ZA7489,7489,Eurobarometer 90.3,November,2018,qa4a.1,qa4a.1,IMPORTANT ISSUES PERS: CRIME,,NA,0 = Not mentioned 1 = Crime 9 = Inap. (CY-TCC in isocntry),NA,NA,NA,X,,,standard,NA
ZA7489,7489,Eurobarometer 90.3,November,2018,qa4a.2,qa4a.2,IMPORTANT ISSUES PERS: ECONOMIC SITUATION,,NA,0 = Not mentioned 1 = The economic situation in (OUR COUNTRY) 9 = Inap. (CY-TCC in isocntry),NA,NA,NA,X,,,standard,NA
ZA7489,7489,Eurobarometer 90.3,November,2018,qa4a.3,qa4a.3,IMPORTANT ISSUES PERS: RISING PRICES/INFLATION,,NA,0 = Not mentioned 1 = Rising prices / inflation / cost of living 9 = Inap. (CY-TCC in isocntry),NA,NA,NA,X,,,standard,NA
ZA7489,7489,Eurobarometer 90.3,November,2018,qa4a.4,qa4a.4,IMPORTANT ISSUES PERS: TAXATION,,NA,0 = Not mentioned 1 = Taxation 9 = Inap. (CY-TCC in isocntry),NA,NA,NA,X,,,standard,NA
ZA7489,7489,Eurobarometer 90.3,November,2018,qa4a.5,qa4a.5,IMPORTANT ISSUES PERS: UNEMPLOYMENT,,NA,0 = Not mentioned 1 = Unemployment 9 = Inap. (CY-TCC in isocntry),NA,NA,NA,X,,,standard,NA
ZA7489,7489,Eurobarometer 90.3,November,2018,qa4a.6,qa4a.6,IMPORTANT ISSUES PERS: TERRORISM,,NA,0 = Not mentioned 1 = Terrorism 9 = Inap. (CY-TCC in isocntry),NA,NA,NA,X,,,standard,NA
ZA7489,7489,Eurobarometer 90.3,November,2018,qa4a.7,qa4a.7,IMPORTANT ISSUES PERS: HOUSING,,NA,0 = Not mentioned 1 = Housing 9 = Inap. (CY-TCC in isocntry),NA,NA,NA,X,,,standard,NA
ZA7489,7489,Eurobarometer 90.3,November,2018,qa4a.8,qa4a.8,IMPORTANT ISSUES PERS: FINANCIAL SIT HH,,NA,0 = Not mentioned 1 = The financial situation of your household 9 = Inap. (CY-TCC in isocntry),NA,NA,NA,X,,,standard,NA
ZA7489,7489,Eurobarometer 90.3,November,2018,qa4a.9,qa4a.9,IMPORTANT ISSUES PERS: IMMIGRATION,,NA,0 = Not mentioned 1 = Immigration 9 = Inap. (CY-TCC in isocntry),NA,NA,NA,X,,,standard,NA
ZA7489,7489,Eurobarometer 90.3,November,2018,qa4a.10,qa4a.10,IMPORTANT ISSUES PERS: HEALTH & SOC SECURITY,,NA,0 = Not mentioned 1 = Health and social security 9 = Inap. (CY-TCC in isocntry),NA,NA,NA,X,,,standard,NA
ZA7489,7489,Eurobarometer 90.3,November,2018,qa4a.11,qa4a.11,IMPORTANT ISSUES PERS: EDUCATION SYSTEM,,NA,0 = Not mentioned 1 = The education system 9 = Inap. (CY-TCC in isocntry),NA,NA,NA,X,,,standard,NA
ZA7489,7489,Eurobarometer 90.3,November,2018,qa4a.12,qa4a.12,IMPORTANT ISSUES PERS: THE ENVIRONMENT,,NA,"0 = Not mentioned 1 = The environment, climate and energy issues 9 = Inap. (CY-TCC in isocntry)",NA,NA,NA,X,,,standard,NA
ZA7489,7489,Eurobarometer 90.3,November,2018,qa4a.13,qa4a.13,IMPORTANT ISSUES PERS: PENSIONS,,NA,0 = Not mentioned 1 = Pensions 9 = Inap. (CY-TCC in isocntry),NA,NA,NA,X,,,standard,NA
ZA7489,7489,Eurobarometer 90.3,November,2018,qa4a.14,qa4a.14,IMPORTANT ISSUES PERS: WORKING CONDITIONS,,NA,0 = Not mentioned 1 = Working conditions 9 = Inap. (CY-TCC in isocntry),NA,NA,NA,X,,,standard,NA
ZA7489,7489,Eurobarometer 90.3,November,2018,qa4a.15,qa4a.15,IMPORTANT ISSUES PERS: LIVING CONDITIONS,,NA,0 = Not mentioned 1 = Living conditions 9 = Inap. (CY-TCC in isocntry),NA,NA,NA,X,,,standard,NA
ZA7489,7489,Eurobarometer 90.3,November,2018,qa4a.16,qa4a.16,IMPORTANT ISSUES PERS: OTHER (SPONT),,NA,0 = Not mentioned 1 = Other (SPONTANEOUS) 9 = Inap. (CY-TCC in isocntry),NA,NA,NA,X,,,standard,NA
ZA7489,7489,Eurobarometer 90.3,November,2018,qa4a.17,qa4a.17,IMPORTANT ISSUES PERS: NONE (SPONT),,NA,0 = Not mentioned 1 = None (SPONTANEOUS) 9 = Inap. (CY-TCC in isocntry),NA,NA,NA,X,,,standard,NA
ZA7489,7489,Eurobarometer 90.3,November,2018,qa4a.18,qa4a.18,IMPORTANT ISSUES PERS: DK,,NA,0 = Not mentioned 1 = DK 9 = Inap. (CY-TCC in isocntry),NA,NA,NA,X,,,standard,NA
ZA7489,7489,Eurobarometer 90.3,November,2018,qa3b.1,qa3b.1,IMPORTANT ISSUES TCC: CRIME,,NA,0 = Not mentioned 1 = Crime 9 = Inap. (not CY-TCC in isocntry),NA,NA,NA,X,,,standard,NA
ZA7489,7489,Eurobarometer 90.3,November,2018,qa3b.2,qa3b.2,IMPORTANT ISSUES TCC: ECONOMIC SITUATION,,NA,0 = Not mentioned 1 = Economic situation 9 = Inap. (not CY-TCC in isocntry),NA,NA,NA,X,,,standard,NA
ZA7489,7489,Eurobarometer 90.3,November,2018,qa3b.3,qa3b.3,IMPORTANT ISSUES TCC: RISING PRICES/INFLATION,,NA,0 = Not mentioned 1 = Rising prices / inflation / cost of living 9 = Inap. (not CY-TCC in isocntry),NA,NA,NA,X,,,standard,NA
ZA7489,7489,Eurobarometer 90.3,November,2018,qa3b.4,qa3b.4,IMPORTANT ISSUES TCC: TAXATION,,NA,0 = Not mentioned 1 = Taxation 9 = Inap. (not CY-TCC in isocntry),NA,NA,NA,X,,,standard,NA
ZA7489,7489,Eurobarometer 90.3,November,2018,qa3b.5,qa3b.5,IMPORTANT ISSUES TCC: UNEMPLOYMENT,,NA,0 = Not mentioned 1 = Unemployment 9 = Inap. (not CY-TCC in isocntry),NA,NA,NA,X,,,standard,NA
ZA7489,7489,Eurobarometer 90.3,November,2018,qa3b.6,qa3b.6,IMPORTANT ISSUES TCC: TERRORISM,,NA,0 = Not mentioned 1 = Terrorism 9 = Inap. (not CY-TCC in isocntry),NA,NA,NA,X,,,standard,NA
ZA7489,7489,Eurobarometer 90.3,November,2018,qa3b.7,qa3b.7,IMPORTANT ISSUES TCC: HOUSING,,NA,0 = Not mentioned 1 = Housing 9 = Inap. (not CY-TCC in isocntry),NA,NA,NA,X,,,standard,NA
ZA7489,7489,Eurobarometer 90.3,November,2018,qa3b.8,qa3b.8,IMPORTANT ISSUES TCC: CYPRUS ISSUE,,NA,0 = Not mentioned 1 = Cyprus issue 9 = Inap. (not CY-TCC in isocntry),NA,NA,NA,X,,,standard,NA
ZA7489,7489,Eurobarometer 90.3,November,2018,qa3b.9,qa3b.9,IMPORTANT ISSUES TCC: IMMIGRATION,,NA,0 = Not mentioned 1 = Immigration 9 = Inap. (not CY-TCC in isocntry),NA,NA,NA,X,,,standard,NA
ZA7489,7489,Eurobarometer 90.3,November,2018,qa3b.10,qa3b.10,IMPORTANT ISSUES TCC: HEALTH & SOC SECURITY,,NA,0 = Not mentioned 1 = Health and social security 9 = Inap. (not CY-TCC in isocntry),NA,NA,NA,X,,,standard,NA
ZA7489,7489,Eurobarometer 90.3,November,2018,qa3b.11,qa3b.11,IMPORTANT ISSUES TCC: EDUCATION SYSTEM,,NA,0 = Not mentioned 1 = The education system 9 = Inap. (not CY-TCC in isocntry),NA,NA,NA,X,,,standard,NA
ZA7489,7489,Eurobarometer 90.3,November,2018,qa3b.12,qa3b.12,IMPORTANT ISSUES TCC: PENSIONS,,NA,0 = Not mentioned 1 = Pensions 9 = Inap. (not CY-TCC in isocntry),NA,NA,NA,X,,,standard,NA
ZA7489,7489,Eurobarometer 90.3,November,2018,qa3b.13,qa3b.13,IMPORTANT ISSUES TCC: THE ENVIRONMENT,,NA,"0 = Not mentioned 1 = The environment, climate and energy issues 9 = Inap. (not CY-TCC in isocntry)",NA,NA,NA,X,,,standard,NA
ZA7489,7489,Eurobarometer 90.3,November,2018,qa3b.14,qa3b.14,IMPORTANT ISSUES TCC: OTHER (SPONT),,NA,0 = Not mentioned 1 = Other (SPONTANEOUS) 9 = Inap. (not CY-TCC in isocntry),NA,NA,NA,X,,,standard,NA
ZA7489,7489,Eurobarometer 90.3,November,2018,qa3b.15,qa3b.15,IMPORTANT ISSUES TCC: NONE (SPONT),,NA,0 = Not mentioned 1 = None (SPONTANEOUS) 9 = Inap. (not CY-TCC in isocntry),NA,NA,NA,X,,,standard,NA
ZA7489,7489,Eurobarometer 90.3,November,2018,qa3b.16,qa3b.16,IMPORTANT ISSUES TCC: DK,,NA,0 = Not mentioned 1 = DK 9 = Inap. (not CY-TCC in isocntry),NA,NA,NA,X,,,standard,NA
ZA7489,7489,Eurobarometer 90.3,November,2018,qa4b.1,qa4b.1,IMPORTANT ISSUES PERS: CRIME (TCC),,NA,0 = Not mentioned 1 = Crime 9 = Inap. (not CY-TCC in isocntry),NA,NA,NA,X,,,standard,NA
ZA7489,7489,Eurobarometer 90.3,November,2018,qa4b.2,qa4b.2,IMPORTANT ISSUES PERS: ECONOMIC SITUATION (TCC),,NA,0 = Not mentioned 1 = The economic situation in our Community 9 = Inap. (not CY-TCC in isocntry),NA,NA,NA,X,,,standard,NA
ZA7489,7489,Eurobarometer 90.3,November,2018,qa4b.3,qa4b.3,IMPORTANT ISSUES PERS: RISING PRICES/INFLATION (TCC),,NA,0 = Not mentioned 1 = Rising prices / inflation / cost of living 9 = Inap. (not CY-TCC in isocntry),NA,NA,NA,X,,,standard,NA
ZA7489,7489,Eurobarometer 90.3,November,2018,qa4b.4,qa4b.4,IMPORTANT ISSUES PERS: TAXATION (TCC),,NA,0 = Not mentioned 1 = Taxation 9 = Inap. (not CY-TCC in isocntry),NA,NA,NA,X,,,standard,NA
ZA7489,7489,Eurobarometer 90.3,November,2018,qa4b.5,qa4b.5,IMPORTANT ISSUES PERS: UNEMPLOYMENT (TCC),,NA,0 = Not mentioned 1 = Unemployment 9 = Inap. (not CY-TCC in isocntry),NA,NA,NA,X,,,standard,NA
ZA7489,7489,Eurobarometer 90.3,November,2018,qa4b.6,qa4b.6,IMPORTANT ISSUES PERS: TERRORISM (TCC),,NA,0 = Not mentioned 1 = Terrorism 9 = Inap. (not CY-TCC in isocntry),NA,NA,NA,X,,,standard,NA
ZA7489,7489,Eurobarometer 90.3,November,2018,qa4b.7,qa4b.7,IMPORTANT ISSUES PERS: CYPRUS ISSUE (TCC),,NA,0 = Not mentioned 1 = Cyprus issue 9 = Inap. (not CY-TCC in isocntry),NA,NA,NA,X,,,standard,NA
ZA7489,7489,Eurobarometer 90.3,November,2018,qa4b.8,qa4b.8,IMPORTANT ISSUES PERS: HOUSING (TCC),,NA,0 = Not mentioned 1 = Housing 9 = Inap. (not CY-TCC in isocntry),NA,NA,NA,X,,,standard,NA
ZA7489,7489,Eurobarometer 90.3,November,2018,qa4b.9,qa4b.9,IMPORTANT ISSUES PERS: FINANCIAL SIT HH (TCC),,NA,0 = Not mentioned 1 = The financial situation of your household 9 = Inap. (not CY-TCC in isocntry),NA,NA,NA,X,,,standard,NA
ZA7489,7489,Eurobarometer 90.3,November,2018,qa4b.10,qa4b.10,IMPORTANT ISSUES PERS: IMMIGRATION (TCC),,NA,0 = Not mentioned 1 = Immigration 9 = Inap. (not CY-TCC in isocntry),NA,NA,NA,X,,,standard,NA
ZA7489,7489,Eurobarometer 90.3,November,2018,qa4b.11,qa4b.11,IMPORTANT ISSUES PERS: HEALTH & SOC SECURITY (TCC),,NA,0 = Not mentioned 1 = Health and social security 9 = Inap. (not CY-TCC in isocntry),NA,NA,NA,X,,,standard,NA
ZA7489,7489,Eurobarometer 90.3,November,2018,qa4b.12,qa4b.12,IMPORTANT ISSUES PERS: EDUCATION SYSTEM (TCC),,NA,0 = Not mentioned 1 = The education system 9 = Inap. (not CY-TCC in isocntry),NA,NA,NA,X,,,standard,NA
ZA7489,7489,Eurobarometer 90.3,November,2018,qa4b.13,qa4b.13,IMPORTANT ISSUES PERS: THE ENVIRONMENT (TCC),,NA,"0 = Not mentioned 1 = The environment, climate and energy issues 9 = Inap. (not CY-TCC in isocntry)",NA,NA,NA,X,,,standard,NA
ZA7489,7489,Eurobarometer 90.3,November,2018,qa4b.14,qa4b.14,IMPORTANT ISSUES PERS: WORKING CONDITIONS (TCC),,NA,0 = Not mentioned 1 = Working conditions 9 = Inap. (not CY-TCC in isocntry),NA,NA,NA,X,,,standard,NA
ZA7489,7489,Eurobarometer 90.3,November,2018,qa4b.15,qa4b.15,IMPORTANT ISSUES PERS: LIVING CONDITIONS (TCC),,NA,0 = Not mentioned 1 = Living conditions 9 = Inap. (not CY-TCC in isocntry),NA,NA,NA,X,,,standard,NA
ZA7489,7489,Eurobarometer 90.3,November,2018,qa4b.16,qa4b.16,IMPORTANT ISSUES PERS: OTHER (SPONT) (TCC),,NA,0 = Not mentioned 1 = Other (SPONTANEOUS) 9 = Inap. (not CY-TCC in isocntry),NA,NA,NA,X,,,standard,NA
ZA7489,7489,Eurobarometer 90.3,November,2018,qa4b.17,qa4b.17,IMPORTANT ISSUES PERS: NONE (SPONT) (TCC),,NA,0 = Not mentioned 1 = None (SPONTANEOUS) 9 = Inap. (not CY-TCC in isocntry),NA,NA,NA,X,,,standard,NA
ZA7489,7489,Eurobarometer 90.3,November,2018,qa4b.18,qa4b.18,IMPORTANT ISSUES PERS: DK (TCC),,NA,0 = Not mentioned 1 = DK 9 = Inap. (not CY-TCC in isocntry),NA,NA,NA,X,,,standard,NA
ZA7489,7489,Eurobarometer 90.3,November,2018,qa5.1,qa5.1,IMPORTANT ISSUES EU: CRIME,,NA,0 = Not mentioned 1 = Crime 9 = Inap. (not 1 in eu28),NA,NA,NA,X,,,standard,NA
ZA7489,7489,Eurobarometer 90.3,November,2018,qa5.2,qa5.2,IMPORTANT ISSUES EU: ECONOMIC SITUATION,,NA,0 = Not mentioned 1 = Economic situation 9 = Inap. (not 1 in eu28),NA,NA,NA,X,,,standard,NA
ZA7489,7489,Eurobarometer 90.3,November,2018,qa5.3,qa5.3,IMPORTANT ISSUES EU: RISING PRICES/INFLATION,,NA,0 = Not mentioned 1 = Rising prices\ inflation\ cost of living 9 = Inap. (not 1 in eu28),NA,NA,NA,X,,,standard,NA
ZA7489,7489,Eurobarometer 90.3,November,2018,qa5.4,qa5.4,IMPORTANT ISSUES EU: TAXATION,,NA,0 = Not mentioned 1 = Taxation 9 = Inap. (not 1 in eu28),NA,NA,NA,X,,,standard,NA
ZA7489,7489,Eurobarometer 90.3,November,2018,qa5.5,qa5.5,IMPORTANT ISSUES EU: UNEMPLOYMENT,,NA,0 = Not mentioned 1 = Unemployment 9 = Inap. (not 1 in eu28),NA,NA,NA,X,,,standard,NA
ZA7489,7489,Eurobarometer 90.3,November,2018,qa5.6,qa5.6,IMPORTANT ISSUES EU: TERRORISM,,NA,0 = Not mentioned 1 = Terrorism 9 = Inap. (not 1 in eu28),NA,NA,NA,X,,,standard,NA
ZA7489,7489,Eurobarometer 90.3,November,2018,qa5.7,qa5.7,IMPORTANT ISSUES EU: INFLUENCE IN THE WORLD,,NA,0 = Not mentioned 1 = EU's influence in the world 9 = Inap. (not 1 in eu28),NA,NA,NA,X,,,standard,NA
ZA7489,7489,Eurobarometer 90.3,November,2018,qa5.8,qa5.8,IMPORTANT ISSUES EU: MEMBER FINANCES,,NA,0 = Not mentioned 1 = The state of Member States' public finances 9 = Inap. (not 1 in eu28),NA,NA,NA,X,,,standard,NA
ZA7489,7489,Eurobarometer 90.3,November,2018,qa5.9,qa5.9,IMPORTANT ISSUES EU: IMMIGRATION,,NA,0 = Not mentioned 1 = Immigration 9 = Inap. (not 1 in eu28),NA,NA,NA,X,,,standard,NA
ZA7489,7489,Eurobarometer 90.3,November,2018,qa5.10,qa5.10,IMPORTANT ISSUES EU: PENSIONS,,NA,0 = Not mentioned 1 = Pensions 9 = Inap. (not 1 in eu28),NA,NA,NA,X,,,standard,NA
ZA7489,7489,Eurobarometer 90.3,November,2018,qa5.11,qa5.11,IMPORTANT ISSUES EU: THE ENVIRONMENT,,NA,0 = Not mentioned 1 = The environment 9 = Inap. (not 1 in eu28),NA,NA,NA,X,,,standard,NA
ZA7489,7489,Eurobarometer 90.3,November,2018,qa5.12,qa5.12,IMPORTANT ISSUES EU: ENERGY SUPPLY,,NA,0 = Not mentioned 1 = Energy supply 9 = Inap. (not 1 in eu28),NA,NA,NA,X,,,standard,NA
ZA7489,7489,Eurobarometer 90.3,November,2018,qa5.13,qa5.13,IMPORTANT ISSUES EU: CLIMATE CHANGE,,NA,0 = Not mentioned 1 = Climate change 9 = Inap. (not 1 in eu28),NA,NA,NA,X,,,standard,NA
ZA7489,7489,Eurobarometer 90.3,November,2018,qa5.14,qa5.14,IMPORTANT ISSUES EU: OTHER (SPONT),,NA,0 = Not mentioned 1 = Other (SPONTANEOUS) 9 = Inap. (not 1 in eu28),NA,NA,NA,X,,,standard,NA
ZA7489,7489,Eurobarometer 90.3,November,2018,qa5.15,qa5.15,IMPORTANT ISSUES EU: NONE (SPONT),,NA,0 = Not mentioned 1 = None (SPONTANEOUS) 9 = Inap. (not 1 in eu28),NA,NA,NA,X,,,standard,NA
ZA7489,7489,Eurobarometer 90.3,November,2018,qa5.16,qa5.16,IMPORTANT ISSUES EU: DK,,NA,0 = Not mentioned 1 = DK 9 = Inap. (not 1 in eu28),NA,NA,NA,X,,,standard,NA
ZA7562,7562,Eurobarometer 91.2,March,2019,isocntry,isocntry,COUNTRY CODE - ISO 3166,,isocntry, = BE  = DK  = GR  = ES  = FI  = FR  = IE  = IT  = LU  = NL  = AT  = PT  = SE  = DE-W  = DE-E  = GB  = BG  = CY  = CZ  = EE  = HU  = LV  = LT  = MT  = PL  = RO  = SK  = SI  = HR,NA,NA,NA,,,X,special,NA
ZA7562,7562,Eurobarometer 91.2,March,2019,qa1.1,qa1.1,IMPORTANT ISSUES CNTRY: CRIME,,NA,0 = Not mentioned 1 = Crime,NA,NA,NA,,,X,special,NA
ZA7562,7562,Eurobarometer 91.2,March,2019,qa1.2,qa1.2,IMPORTANT ISSUES CNTRY: ECONOMIC SITUATION,,NA,0 = Not mentioned 1 = Economic situation,NA,NA,NA,,,X,special,NA
ZA7562,7562,Eurobarometer 91.2,March,2019,qa1.3,qa1.3,IMPORTANT ISSUES CNTRY: RISING PRICES/INFLATION,,NA,0 = Not mentioned 1 = Rising prices / inflation / cost of living,NA,NA,NA,,,X,special,NA
ZA7562,7562,Eurobarometer 91.2,March,2019,qa1.4,qa1.4,IMPORTANT ISSUES CNTRY: TAXATION,,NA,0 = Not mentioned 1 = Taxation,NA,NA,NA,,,X,special,NA
ZA7562,7562,Eurobarometer 91.2,March,2019,qa1.5,qa1.5,IMPORTANT ISSUES CNTRY: UNEMPLOYMENT,,NA,0 = Not mentioned 1 = Unemployment,NA,NA,NA,,,X,special,NA
ZA7562,7562,Eurobarometer 91.2,March,2019,qa1.6,qa1.6,IMPORTANT ISSUES CNTRY: TERRORISM,,NA,0 = Not mentioned 1 = Terrorism,NA,NA,NA,,,X,special,NA
ZA7562,7562,Eurobarometer 91.2,March,2019,qa1.7,qa1.7,IMPORTANT ISSUES CNTRY: HOUSING,,NA,0 = Not mentioned 1 = Housing,NA,NA,NA,,,X,special,NA
ZA7562,7562,Eurobarometer 91.2,March,2019,qa1.8,qa1.8,IMPORTANT ISSUES CNTRY: GOVERNMENT DEBT,,NA,0 = Not mentioned 1 = Government debt,NA,NA,NA,,,X,special,NA
ZA7562,7562,Eurobarometer 91.2,March,2019,qa1.9,qa1.9,IMPORTANT ISSUES CNTRY: IMMIGRATION,,NA,0 = Not mentioned 1 = Immigration,NA,NA,NA,,,X,special,NA
ZA7562,7562,Eurobarometer 91.2,March,2019,qa1.10,qa1.10,IMPORTANT ISSUES CNTRY: HEALTH & SOC SECURITY,,NA,0 = Not mentioned 1 = Health and social security,NA,NA,NA,,,X,special,NA
ZA7562,7562,Eurobarometer 91.2,March,2019,qa1.11,qa1.11,IMPORTANT ISSUES CNTRY: EDUCATION SYSTEM,,NA,0 = Not mentioned 1 = The education system,NA,NA,NA,,,X,special,NA
ZA7562,7562,Eurobarometer 91.2,March,2019,qa1.12,qa1.12,IMPORTANT ISSUES CNTRY: PENSIONS,,NA,0 = Not mentioned 1 = Pensions,NA,NA,NA,,,X,special,NA
ZA7562,7562,Eurobarometer 91.2,March,2019,qa1.13,qa1.13,IMPORTANT ISSUES CNTRY: THE ENVIRONMENT,,NA,"0 = Not mentioned 1 = The environment, climate and energy issues",NA,NA,NA,,,X,special,NA
ZA7562,7562,Eurobarometer 91.2,March,2019,qa1.14,qa1.14,IMPORTANT ISSUES CNTRY: OTHER (SPONT),,NA,0 = Not mentioned 1 = Other (SPONTANEOUS),NA,NA,NA,,,X,special,NA
ZA7562,7562,Eurobarometer 91.2,March,2019,qa1.15,qa1.15,IMPORTANT ISSUES CNTRY: NONE (SPONT),,NA,0 = Not mentioned 1 = None (SPONTANEOUS),NA,NA,NA,,,X,special,NA
ZA7562,7562,Eurobarometer 91.2,March,2019,qa1.16,qa1.16,IMPORTANT ISSUES CNTRY: DK,,NA,0 = Not mentioned 1 = DK,NA,NA,NA,,,X,special,NA
ZA7562,7562,Eurobarometer 91.2,March,2019,qa2.1,qa2.1,IMPORTANT ISSUES EU: CRIME,,NA,0 = Not mentioned 1 = Crime,NA,NA,NA,,,X,special,NA
ZA7562,7562,Eurobarometer 91.2,March,2019,qa2.2,qa2.2,IMPORTANT ISSUES EU: ECONOMIC SITUATION,,NA,0 = Not mentioned 1 = Economic situation,NA,NA,NA,,,X,special,NA
ZA7562,7562,Eurobarometer 91.2,March,2019,qa2.3,qa2.3,IMPORTANT ISSUES EU: RISING PRICES/INFLATION,,NA,0 = Not mentioned 1 = Rising prices / inflation / cost of living,NA,NA,NA,,,X,special,NA
ZA7562,7562,Eurobarometer 91.2,March,2019,qa2.4,qa2.4,IMPORTANT ISSUES EU: TAXATION,,NA,0 = Not mentioned 1 = Taxation,NA,NA,NA,,,X,special,NA
ZA7562,7562,Eurobarometer 91.2,March,2019,qa2.5,qa2.5,IMPORTANT ISSUES EU: UNEMPLOYMENT,,NA,0 = Not mentioned 1 = Unemployment,NA,NA,NA,,,X,special,NA
ZA7562,7562,Eurobarometer 91.2,March,2019,qa2.6,qa2.6,IMPORTANT ISSUES EU: TERRORISM,,NA,0 = Not mentioned 1 = Terrorism,NA,NA,NA,,,X,special,NA
ZA7562,7562,Eurobarometer 91.2,March,2019,qa2.7,qa2.7,IMPORTANT ISSUES EU: INFLUENCE IN THE WORLD,,NA,0 = Not mentioned 1 = EU's influence in the world,NA,NA,NA,,,X,special,NA
ZA7562,7562,Eurobarometer 91.2,March,2019,qa2.8,qa2.8,IMPORTANT ISSUES EU: MEMBER FINANCES,,NA,0 = Not mentioned 1 = The state of Member States' public finances,NA,NA,NA,,,X,special,NA
ZA7562,7562,Eurobarometer 91.2,March,2019,qa2.9,qa2.9,IMPORTANT ISSUES EU: IMMIGRATION,,NA,0 = Not mentioned 1 = Immigration,NA,NA,NA,,,X,special,NA
ZA7562,7562,Eurobarometer 91.2,March,2019,qa2.10,qa2.10,IMPORTANT ISSUES EU: PENSIONS,,NA,0 = Not mentioned 1 = Pensions,NA,NA,NA,,,X,special,NA
ZA7562,7562,Eurobarometer 91.2,March,2019,qa2.11,qa2.11,IMPORTANT ISSUES EU: THE ENVIRONMENT,,NA,0 = Not mentioned 1 = The environment,NA,NA,NA,,,X,special,NA
ZA7562,7562,Eurobarometer 91.2,March,2019,qa2.12,qa2.12,IMPORTANT ISSUES EU: ENERGY SUPPLY,,NA,0 = Not mentioned 1 = Energy supply,NA,NA,NA,,,X,special,NA
ZA7562,7562,Eurobarometer 91.2,March,2019,qa2.13,qa2.13,IMPORTANT ISSUES EU: CLIMATE CHANGE,,NA,0 = Not mentioned 1 = Climate change,NA,NA,NA,,,X,special,NA
ZA7562,7562,Eurobarometer 91.2,March,2019,qa2.14,qa2.14,IMPORTANT ISSUES EU: OTHER (SPONT),,NA,0 = Not mentioned 1 = Other (SPONTANEOUS),NA,NA,NA,,,X,special,NA
ZA7562,7562,Eurobarometer 91.2,March,2019,qa2.15,qa2.15,IMPORTANT ISSUES EU: NONE (SPONT),,NA,0 = Not mentioned 1 = None (SPONTANEOUS),NA,NA,NA,,,X,special,NA
ZA7562,7562,Eurobarometer 91.2,March,2019,qa2.16,qa2.16,IMPORTANT ISSUES EU: DK,,NA,0 = Not mentioned 1 = DK,NA,NA,NA,,,X,special,NA
ZA7576,7576,Eurobarometer 91.5,June-July,2019,isocntry,isocntry,COUNTRY CODE - ISO 3166,,isocntry, = BE  = DK  = GR  = ES  = FI  = FR  = IE  = IT  = LU  = NL  = AT  = PT  = SE  = DE-W  = DE-E  = GB  = BG  = CY  = CZ  = EE  = HU  = LV  = LT  = MT  = PL  = RO  = SK  = SI  = HR  = TR  = MK  = ME  = AL  = RS  = CY-TCC,NA,NA,NA,X,,X,standard,NA
ZA7576,7576,Eurobarometer 91.5,June-July,2019,qa3a.1,qa3a.1,IMPORTANT ISSUES CNTRY: CRIME,,NA,0 = Not mentioned 1 = Crime 9 = Inap. (CY-TCC in isocntry),NA,NA,NA,X,,X,standard,NA
ZA7576,7576,Eurobarometer 91.5,June-July,2019,qa3a.2,qa3a.2,IMPORTANT ISSUES CNTRY: ECONOMIC SITUATION,,NA,0 = Not mentioned 1 = Economic situation 9 = Inap. (CY-TCC in isocntry),NA,NA,NA,X,,X,standard,NA
ZA7576,7576,Eurobarometer 91.5,June-July,2019,qa3a.3,qa3a.3,IMPORTANT ISSUES CNTRY: RISING PRICES/INFLATION,,NA,0 = Not mentioned 1 = Rising prices / inflation / cost of living 9 = Inap. (CY-TCC in isocntry),NA,NA,NA,X,,X,standard,NA
ZA7576,7576,Eurobarometer 91.5,June-July,2019,qa3a.4,qa3a.4,IMPORTANT ISSUES CNTRY: TAXATION,,NA,0 = Not mentioned 1 = Taxation 9 = Inap. (CY-TCC in isocntry),NA,NA,NA,X,,X,standard,NA
ZA7576,7576,Eurobarometer 91.5,June-July,2019,qa3a.5,qa3a.5,IMPORTANT ISSUES CNTRY: UNEMPLOYMENT,,NA,0 = Not mentioned 1 = Unemployment 9 = Inap. (CY-TCC in isocntry),NA,NA,NA,X,,X,standard,NA
ZA7576,7576,Eurobarometer 91.5,June-July,2019,qa3a.6,qa3a.6,IMPORTANT ISSUES CNTRY: TERRORISM,,NA,0 = Not mentioned 1 = Terrorism 9 = Inap. (CY-TCC in isocntry),NA,NA,NA,X,,X,standard,NA
ZA7576,7576,Eurobarometer 91.5,June-July,2019,qa3a.7,qa3a.7,IMPORTANT ISSUES CNTRY: HOUSING,,NA,0 = Not mentioned 1 = Housing 9 = Inap. (CY-TCC in isocntry),NA,NA,NA,X,,X,standard,NA
ZA7576,7576,Eurobarometer 91.5,June-July,2019,qa3a.8,qa3a.8,IMPORTANT ISSUES CNTRY: GOVERNMENT DEBT,,NA,0 = Not mentioned 1 = Government debt 9 = Inap. (CY-TCC in isocntry),NA,NA,NA,X,,X,standard,NA
ZA7576,7576,Eurobarometer 91.5,June-July,2019,qa3a.9,qa3a.9,IMPORTANT ISSUES CNTRY: IMMIGRATION,,NA,0 = Not mentioned 1 = Immigration 9 = Inap. (CY-TCC in isocntry),NA,NA,NA,X,,X,standard,NA
ZA7576,7576,Eurobarometer 91.5,June-July,2019,qa3a.10,qa3a.10,IMPORTANT ISSUES CNTRY: HEALTH & SOC SECURITY,,NA,0 = Not mentioned 1 = Health and social security 9 = Inap. (CY-TCC in isocntry),NA,NA,NA,X,,X,standard,NA
ZA7576,7576,Eurobarometer 91.5,June-July,2019,qa3a.11,qa3a.11,IMPORTANT ISSUES CNTRY: EDUCATION SYSTEM,,NA,0 = Not mentioned 1 = The education system 9 = Inap. (CY-TCC in isocntry),NA,NA,NA,X,,X,standard,NA
ZA7576,7576,Eurobarometer 91.5,June-July,2019,qa3a.12,qa3a.12,IMPORTANT ISSUES CNTRY: PENSIONS,,NA,0 = Not mentioned 1 = Pensions 9 = Inap. (CY-TCC in isocntry),NA,NA,NA,X,,X,standard,NA
ZA7576,7576,Eurobarometer 91.5,June-July,2019,qa3a.13,qa3a.13,IMPORTANT ISSUES CNTRY: THE ENVIRONMENT,,NA,"0 = Not mentioned 1 = The environment, climate and energy issues 9 = Inap. (CY-TCC in isocntry)",NA,NA,NA,X,,X,standard,NA
ZA7576,7576,Eurobarometer 91.5,June-July,2019,qa3a.14,qa3a.14,IMPORTANT ISSUES CNTRY: OTHER (SPONT),,NA,0 = Not mentioned 1 = Other (SPONTANEOUS) 9 = Inap. (CY-TCC in isocntry),NA,NA,NA,X,,X,standard,NA
ZA7576,7576,Eurobarometer 91.5,June-July,2019,qa3a.15,qa3a.15,IMPORTANT ISSUES CNTRY: NONE (SPONT),,NA,0 = Not mentioned 1 = None (SPONTANEOUS) 9 = Inap. (CY-TCC in isocntry),NA,NA,NA,X,,X,standard,NA
ZA7576,7576,Eurobarometer 91.5,June-July,2019,qa3a.16,qa3a.16,IMPORTANT ISSUES CNTRY: DK,,NA,0 = Not mentioned 1 = DK 9 = Inap. (CY-TCC in isocntry),NA,NA,NA,X,,X,standard,NA
ZA7576,7576,Eurobarometer 91.5,June-July,2019,qa4a.1,qa4a.1,IMPORTANT ISSUES PERS: CRIME,,NA,0 = Not mentioned 1 = Crime 9 = Inap. (CY-TCC in isocntry),NA,NA,NA,X,,X,standard,NA
ZA7576,7576,Eurobarometer 91.5,June-July,2019,qa4a.2,qa4a.2,IMPORTANT ISSUES PERS: ECONOMIC SITUATION,,NA,0 = Not mentioned 1 = The economic situation in (OUR COUNTRY) 9 = Inap. (CY-TCC in isocntry),NA,NA,NA,X,,X,standard,NA
ZA7576,7576,Eurobarometer 91.5,June-July,2019,qa4a.3,qa4a.3,IMPORTANT ISSUES PERS: RISING PRICES/INFLATION,,NA,0 = Not mentioned 1 = Rising prices / inflation / cost of living 9 = Inap. (CY-TCC in isocntry),NA,NA,NA,X,,X,standard,NA
ZA7576,7576,Eurobarometer 91.5,June-July,2019,qa4a.4,qa4a.4,IMPORTANT ISSUES PERS: TAXATION,,NA,0 = Not mentioned 1 = Taxation 9 = Inap. (CY-TCC in isocntry),NA,NA,NA,X,,X,standard,NA
ZA7576,7576,Eurobarometer 91.5,June-July,2019,qa4a.5,qa4a.5,IMPORTANT ISSUES PERS: UNEMPLOYMENT,,NA,0 = Not mentioned 1 = Unemployment 9 = Inap. (CY-TCC in isocntry),NA,NA,NA,X,,X,standard,NA
ZA7576,7576,Eurobarometer 91.5,June-July,2019,qa4a.6,qa4a.6,IMPORTANT ISSUES PERS: TERRORISM,,NA,0 = Not mentioned 1 = Terrorism 9 = Inap. (CY-TCC in isocntry),NA,NA,NA,X,,X,standard,NA
ZA7576,7576,Eurobarometer 91.5,June-July,2019,qa4a.7,qa4a.7,IMPORTANT ISSUES PERS: HOUSING,,NA,0 = Not mentioned 1 = Housing 9 = Inap. (CY-TCC in isocntry),NA,NA,NA,X,,X,standard,NA
ZA7576,7576,Eurobarometer 91.5,June-July,2019,qa4a.8,qa4a.8,IMPORTANT ISSUES PERS: FINANCIAL SIT HH,,NA,0 = Not mentioned 1 = The financial situation of your household 9 = Inap. (CY-TCC in isocntry),NA,NA,NA,X,,X,standard,NA
ZA7576,7576,Eurobarometer 91.5,June-July,2019,qa4a.9,qa4a.9,IMPORTANT ISSUES PERS: IMMIGRATION,,NA,0 = Not mentioned 1 = Immigration 9 = Inap. (CY-TCC in isocntry),NA,NA,NA,X,,X,standard,NA
ZA7576,7576,Eurobarometer 91.5,June-July,2019,qa4a.10,qa4a.10,IMPORTANT ISSUES PERS: HEALTH & SOC SECURITY,,NA,0 = Not mentioned 1 = Health and social security 9 = Inap. (CY-TCC in isocntry),NA,NA,NA,X,,X,standard,NA
ZA7576,7576,Eurobarometer 91.5,June-July,2019,qa4a.11,qa4a.11,IMPORTANT ISSUES PERS: EDUCATION SYSTEM,,NA,0 = Not mentioned 1 = The education system 9 = Inap. (CY-TCC in isocntry),NA,NA,NA,X,,X,standard,NA
ZA7576,7576,Eurobarometer 91.5,June-July,2019,qa4a.12,qa4a.12,IMPORTANT ISSUES PERS: THE ENVIRONMENT,,NA,"0 = Not mentioned 1 = The environment, climate and energy issues 9 = Inap. (CY-TCC in isocntry)",NA,NA,NA,X,,X,standard,NA
ZA7576,7576,Eurobarometer 91.5,June-July,2019,qa4a.13,qa4a.13,IMPORTANT ISSUES PERS: PENSIONS,,NA,0 = Not mentioned 1 = Pensions 9 = Inap. (CY-TCC in isocntry),NA,NA,NA,X,,X,standard,NA
ZA7576,7576,Eurobarometer 91.5,June-July,2019,qa4a.14,qa4a.14,IMPORTANT ISSUES PERS: WORKING CONDITIONS,,NA,0 = Not mentioned 1 = Working conditions 9 = Inap. (CY-TCC in isocntry),NA,NA,NA,X,,X,standard,NA
ZA7576,7576,Eurobarometer 91.5,June-July,2019,qa4a.15,qa4a.15,IMPORTANT ISSUES PERS: LIVING CONDITIONS,,NA,0 = Not mentioned 1 = Living conditions 9 = Inap. (CY-TCC in isocntry),NA,NA,NA,X,,X,standard,NA
ZA7576,7576,Eurobarometer 91.5,June-July,2019,qa4a.16,qa4a.16,IMPORTANT ISSUES PERS: OTHER (SPONT),,NA,0 = Not mentioned 1 = Other (SPONTANEOUS) 9 = Inap. (CY-TCC in isocntry),NA,NA,NA,X,,X,standard,NA
ZA7576,7576,Eurobarometer 91.5,June-July,2019,qa4a.17,qa4a.17,IMPORTANT ISSUES PERS: NONE (SPONT),,NA,0 = Not mentioned 1 = None (SPONTANEOUS) 9 = Inap. (CY-TCC in isocntry),NA,NA,NA,X,,X,standard,NA
ZA7576,7576,Eurobarometer 91.5,June-July,2019,qa4a.18,qa4a.18,IMPORTANT ISSUES PERS: DK,,NA,0 = Not mentioned 1 = DK 9 = Inap. (CY-TCC in isocntry),NA,NA,NA,X,,X,standard,NA
ZA7576,7576,Eurobarometer 91.5,June-July,2019,qa3b.1,qa3b.1,IMPORTANT ISSUES TCC: CRIME,,NA,0 = Not mentioned 1 = Crime 9 = Inap. (not CY-TCC in isocntry),NA,NA,NA,X,,X,standard,NA
ZA7576,7576,Eurobarometer 91.5,June-July,2019,qa3b.2,qa3b.2,IMPORTANT ISSUES TCC: ECONOMIC SITUATION,,NA,0 = Not mentioned 1 = Economic situation 9 = Inap. (not CY-TCC in isocntry),NA,NA,NA,X,,X,standard,NA
ZA7576,7576,Eurobarometer 91.5,June-July,2019,qa3b.3,qa3b.3,IMPORTANT ISSUES TCC: RISING PRICES/INFLATION,,NA,0 = Not mentioned 1 = Rising prices / inflation / cost of living 9 = Inap. (not CY-TCC in isocntry),NA,NA,NA,X,,X,standard,NA
ZA7576,7576,Eurobarometer 91.5,June-July,2019,qa3b.4,qa3b.4,IMPORTANT ISSUES TCC: TAXATION,,NA,0 = Not mentioned 1 = Taxation 9 = Inap. (not CY-TCC in isocntry),NA,NA,NA,X,,X,standard,NA
ZA7576,7576,Eurobarometer 91.5,June-July,2019,qa3b.5,qa3b.5,IMPORTANT ISSUES TCC: UNEMPLOYMENT,,NA,0 = Not mentioned 1 = Unemployment 9 = Inap. (not CY-TCC in isocntry),NA,NA,NA,X,,X,standard,NA
ZA7576,7576,Eurobarometer 91.5,June-July,2019,qa3b.6,qa3b.6,IMPORTANT ISSUES TCC: TERRORISM,,NA,0 = Not mentioned 1 = Terrorism 9 = Inap. (not CY-TCC in isocntry),NA,NA,NA,X,,X,standard,NA
ZA7576,7576,Eurobarometer 91.5,June-July,2019,qa3b.7,qa3b.7,IMPORTANT ISSUES TCC: HOUSING,,NA,0 = Not mentioned 1 = Housing 9 = Inap. (not CY-TCC in isocntry),NA,NA,NA,X,,X,standard,NA
ZA7576,7576,Eurobarometer 91.5,June-July,2019,qa3b.8,qa3b.8,IMPORTANT ISSUES TCC: CYPRUS ISSUE,,NA,0 = Not mentioned 1 = Cyprus issue 9 = Inap. (not CY-TCC in isocntry),NA,NA,NA,X,,X,standard,NA
ZA7576,7576,Eurobarometer 91.5,June-July,2019,qa3b.9,qa3b.9,IMPORTANT ISSUES TCC: IMMIGRATION,,NA,0 = Not mentioned 1 = Immigration 9 = Inap. (not CY-TCC in isocntry),NA,NA,NA,X,,X,standard,NA
ZA7576,7576,Eurobarometer 91.5,June-July,2019,qa3b.10,qa3b.10,IMPORTANT ISSUES TCC: HEALTH & SOC SECURITY,,NA,0 = Not mentioned 1 = Health and social security 9 = Inap. (not CY-TCC in isocntry),NA,NA,NA,X,,X,standard,NA
ZA7576,7576,Eurobarometer 91.5,June-July,2019,qa3b.11,qa3b.11,IMPORTANT ISSUES TCC: EDUCATION SYSTEM,,NA,0 = Not mentioned 1 = The education system 9 = Inap. (not CY-TCC in isocntry),NA,NA,NA,X,,X,standard,NA
ZA7576,7576,Eurobarometer 91.5,June-July,2019,qa3b.12,qa3b.12,IMPORTANT ISSUES TCC: PENSIONS,,NA,0 = Not mentioned 1 = Pensions 9 = Inap. (not CY-TCC in isocntry),NA,NA,NA,X,,X,standard,NA
ZA7576,7576,Eurobarometer 91.5,June-July,2019,qa3b.13,qa3b.13,IMPORTANT ISSUES TCC: THE ENVIRONMENT,,NA,"0 = Not mentioned 1 = The environment, climate and energy issues 9 = Inap. (not CY-TCC in isocntry)",NA,NA,NA,X,,X,standard,NA
ZA7576,7576,Eurobarometer 91.5,June-July,2019,qa3b.14,qa3b.14,IMPORTANT ISSUES TCC: OTHER (SPONT),,NA,0 = Not mentioned 1 = Other (SPONTANEOUS) 9 = Inap. (not CY-TCC in isocntry),NA,NA,NA,X,,X,standard,NA
ZA7576,7576,Eurobarometer 91.5,June-July,2019,qa3b.15,qa3b.15,IMPORTANT ISSUES TCC: NONE (SPONT),,NA,0 = Not mentioned 1 = None (SPONTANEOUS) 9 = Inap. (not CY-TCC in isocntry),NA,NA,NA,X,,X,standard,NA
ZA7576,7576,Eurobarometer 91.5,June-July,2019,qa3b.16,qa3b.16,IMPORTANT ISSUES TCC: DK,,NA,0 = Not mentioned 1 = DK 9 = Inap. (not CY-TCC in isocntry),NA,NA,NA,X,,X,standard,NA
ZA7576,7576,Eurobarometer 91.5,June-July,2019,qa4b.1,qa4b.1,IMPORTANT ISSUES PERS: CRIME (TCC),,NA,0 = Not mentioned 1 = Crime 9 = Inap. (not CY-TCC in isocntry),NA,NA,NA,X,,X,standard,NA
ZA7576,7576,Eurobarometer 91.5,June-July,2019,qa4b.2,qa4b.2,IMPORTANT ISSUES PERS: ECONOMIC SITUATION (TCC),,NA,0 = Not mentioned 1 = The economic situation in our Community 9 = Inap. (not CY-TCC in isocntry),NA,NA,NA,X,,X,standard,NA
ZA7576,7576,Eurobarometer 91.5,June-July,2019,qa4b.3,qa4b.3,IMPORTANT ISSUES PERS: RISING PRICES/INFLATION (TCC),,NA,0 = Not mentioned 1 = Rising prices / inflation / cost of living 9 = Inap. (not CY-TCC in isocntry),NA,NA,NA,X,,X,standard,NA
ZA7576,7576,Eurobarometer 91.5,June-July,2019,qa4b.4,qa4b.4,IMPORTANT ISSUES PERS: TAXATION (TCC),,NA,0 = Not mentioned 1 = Taxation 9 = Inap. (not CY-TCC in isocntry),NA,NA,NA,X,,X,standard,NA
ZA7576,7576,Eurobarometer 91.5,June-July,2019,qa4b.5,qa4b.5,IMPORTANT ISSUES PERS: UNEMPLOYMENT (TCC),,NA,0 = Not mentioned 1 = Unemployment 9 = Inap. (not CY-TCC in isocntry),NA,NA,NA,X,,X,standard,NA
ZA7576,7576,Eurobarometer 91.5,June-July,2019,qa4b.6,qa4b.6,IMPORTANT ISSUES PERS: TERRORISM (TCC),,NA,0 = Not mentioned 1 = Terrorism 9 = Inap. (not CY-TCC in isocntry),NA,NA,NA,X,,X,standard,NA
ZA7576,7576,Eurobarometer 91.5,June-July,2019,qa4b.7,qa4b.7,IMPORTANT ISSUES PERS: CYPRUS ISSUE (TCC),,NA,0 = Not mentioned 1 = Cyprus issue 9 = Inap. (not CY-TCC in isocntry),NA,NA,NA,X,,X,standard,NA
ZA7576,7576,Eurobarometer 91.5,June-July,2019,qa4b.8,qa4b.8,IMPORTANT ISSUES PERS: HOUSING (TCC),,NA,0 = Not mentioned 1 = Housing 9 = Inap. (not CY-TCC in isocntry),NA,NA,NA,X,,X,standard,NA
ZA7576,7576,Eurobarometer 91.5,June-July,2019,qa4b.9,qa4b.9,IMPORTANT ISSUES PERS: FINANCIAL SIT HH (TCC),,NA,0 = Not mentioned 1 = The financial situation of your household 9 = Inap. (not CY-TCC in isocntry),NA,NA,NA,X,,X,standard,NA
ZA7576,7576,Eurobarometer 91.5,June-July,2019,qa4b.10,qa4b.10,IMPORTANT ISSUES PERS: IMMIGRATION (TCC),,NA,0 = Not mentioned 1 = Immigration 9 = Inap. (not CY-TCC in isocntry),NA,NA,NA,X,,X,standard,NA
ZA7576,7576,Eurobarometer 91.5,June-July,2019,qa4b.11,qa4b.11,IMPORTANT ISSUES PERS: HEALTH & SOC SECURITY (TCC),,NA,0 = Not mentioned 1 = Health and social security 9 = Inap. (not CY-TCC in isocntry),NA,NA,NA,X,,X,standard,NA
ZA7576,7576,Eurobarometer 91.5,June-July,2019,qa4b.12,qa4b.12,IMPORTANT ISSUES PERS: EDUCATION SYSTEM (TCC),,NA,0 = Not mentioned 1 = The education system 9 = Inap. (not CY-TCC in isocntry),NA,NA,NA,X,,X,standard,NA
ZA7576,7576,Eurobarometer 91.5,June-July,2019,qa4b.13,qa4b.13,IMPORTANT ISSUES PERS: THE ENVIRONMENT (TCC),,NA,"0 = Not mentioned 1 = The environment, climate and energy issues 9 = Inap. (not CY-TCC in isocntry)",NA,NA,NA,X,,X,standard,NA
ZA7576,7576,Eurobarometer 91.5,June-July,2019,qa4b.14,qa4b.14,IMPORTANT ISSUES PERS: WORKING CONDITIONS (TCC),,NA,0 = Not mentioned 1 = Working conditions 9 = Inap. (not CY-TCC in isocntry),NA,NA,NA,X,,X,standard,NA
ZA7576,7576,Eurobarometer 91.5,June-July,2019,qa4b.15,qa4b.15,IMPORTANT ISSUES PERS: LIVING CONDITIONS (TCC),,NA,0 = Not mentioned 1 = Living conditions 9 = Inap. (not CY-TCC in isocntry),NA,NA,NA,X,,X,standard,NA
ZA7576,7576,Eurobarometer 91.5,June-July,2019,qa4b.16,qa4b.16,IMPORTANT ISSUES PERS: OTHER (SPONT) (TCC),,NA,0 = Not mentioned 1 = Other (SPONTANEOUS) 9 = Inap. (not CY-TCC in isocntry),NA,NA,NA,X,,X,standard,NA
ZA7576,7576,Eurobarometer 91.5,June-July,2019,qa4b.17,qa4b.17,IMPORTANT ISSUES PERS: NONE (SPONT) (TCC),,NA,0 = Not mentioned 1 = None (SPONTANEOUS) 9 = Inap. (not CY-TCC in isocntry),NA,NA,NA,X,,X,standard,NA
ZA7576,7576,Eurobarometer 91.5,June-July,2019,qa4b.18,qa4b.18,IMPORTANT ISSUES PERS: DK (TCC),,NA,0 = Not mentioned 1 = DK 9 = Inap. (not CY-TCC in isocntry),NA,NA,NA,X,,X,standard,NA
ZA7576,7576,Eurobarometer 91.5,June-July,2019,qa5.1,qa5.1,IMPORTANT ISSUES EU: CRIME,,NA,0 = Not mentioned 1 = Crime 9 = Inap. (not 1 in eu28),NA,NA,NA,X,,X,standard,NA
ZA7576,7576,Eurobarometer 91.5,June-July,2019,qa5.2,qa5.2,IMPORTANT ISSUES EU: ECONOMIC SITUATION,,NA,0 = Not mentioned 1 = Economic situation 9 = Inap. (not 1 in eu28),NA,NA,NA,X,,X,standard,NA
ZA7576,7576,Eurobarometer 91.5,June-July,2019,qa5.3,qa5.3,IMPORTANT ISSUES EU: RISING PRICES/INFLATION,,NA,0 = Not mentioned 1 = Rising prices\ inflation\ cost of living 9 = Inap. (not 1 in eu28),NA,NA,NA,X,,X,standard,NA
ZA7576,7576,Eurobarometer 91.5,June-July,2019,qa5.4,qa5.4,IMPORTANT ISSUES EU: TAXATION,,NA,0 = Not mentioned 1 = Taxation 9 = Inap. (not 1 in eu28),NA,NA,NA,X,,X,standard,NA
ZA7576,7576,Eurobarometer 91.5,June-July,2019,qa5.5,qa5.5,IMPORTANT ISSUES EU: UNEMPLOYMENT,,NA,0 = Not mentioned 1 = Unemployment 9 = Inap. (not 1 in eu28),NA,NA,NA,X,,X,standard,NA
ZA7576,7576,Eurobarometer 91.5,June-July,2019,qa5.6,qa5.6,IMPORTANT ISSUES EU: TERRORISM,,NA,0 = Not mentioned 1 = Terrorism 9 = Inap. (not 1 in eu28),NA,NA,NA,X,,X,standard,NA
ZA7576,7576,Eurobarometer 91.5,June-July,2019,qa5.7,qa5.7,IMPORTANT ISSUES EU: INFLUENCE IN THE WORLD,,NA,0 = Not mentioned 1 = EU's influence in the world 9 = Inap. (not 1 in eu28),NA,NA,NA,X,,X,standard,NA
ZA7576,7576,Eurobarometer 91.5,June-July,2019,qa5.8,qa5.8,IMPORTANT ISSUES EU: MEMBER FINANCES,,NA,0 = Not mentioned 1 = The state of Member States' public finances 9 = Inap. (not 1 in eu28),NA,NA,NA,X,,X,standard,NA
ZA7576,7576,Eurobarometer 91.5,June-July,2019,qa5.9,qa5.9,IMPORTANT ISSUES EU: IMMIGRATION,,NA,0 = Not mentioned 1 = Immigration 9 = Inap. (not 1 in eu28),NA,NA,NA,X,,X,standard,NA
ZA7576,7576,Eurobarometer 91.5,June-July,2019,qa5.10,qa5.10,IMPORTANT ISSUES EU: PENSIONS,,NA,0 = Not mentioned 1 = Pensions 9 = Inap. (not 1 in eu28),NA,NA,NA,X,,X,standard,NA
ZA7576,7576,Eurobarometer 91.5,June-July,2019,qa5.11,qa5.11,IMPORTANT ISSUES EU: THE ENVIRONMENT,,NA,0 = Not mentioned 1 = The environment 9 = Inap. (not 1 in eu28),NA,NA,NA,X,,X,standard,NA
ZA7576,7576,Eurobarometer 91.5,June-July,2019,qa5.12,qa5.12,IMPORTANT ISSUES EU: ENERGY SUPPLY,,NA,0 = Not mentioned 1 = Energy supply 9 = Inap. (not 1 in eu28),NA,NA,NA,X,,X,standard,NA
ZA7576,7576,Eurobarometer 91.5,June-July,2019,qa5.13,qa5.13,IMPORTANT ISSUES EU: CLIMATE CHANGE,,NA,0 = Not mentioned 1 = Climate change 9 = Inap. (not 1 in eu28),NA,NA,NA,X,,X,standard,NA
ZA7576,7576,Eurobarometer 91.5,June-July,2019,qa5.14,qa5.14,IMPORTANT ISSUES EU: OTHER (SPONT),,NA,0 = Not mentioned 1 = Other (SPONTANEOUS) 9 = Inap. (not 1 in eu28),NA,NA,NA,X,,X,standard,NA
ZA7576,7576,Eurobarometer 91.5,June-July,2019,qa5.15,qa5.15,IMPORTANT ISSUES EU: NONE (SPONT),,NA,0 = Not mentioned 1 = None (SPONTANEOUS) 9 = Inap. (not 1 in eu28),NA,NA,NA,X,,X,standard,NA
ZA7576,7576,Eurobarometer 91.5,June-July,2019,qa5.16,qa5.16,IMPORTANT ISSUES EU: DK,,NA,0 = Not mentioned 1 = DK 9 = Inap. (not 1 in eu28),NA,NA,NA,X,,X,standard,NA
ZA7601,7601,Eurobarometer 92.3,Nov-Dec,2019,isocntry,isocntry,COUNTRY CODE - ISO 3166,,isocntry, = BE  = DK  = GR  = ES  = FI  = FR  = IE  = IT  = LU  = NL  = AT  = PT  = SE  = DE-W  = DE-E  = GB  = BG  = CY  = CZ  = EE  = HU  = LV  = LT  = MT  = PL  = RO  = SK  = SI  = TR  = HR  = CY-TCC  = MK  = ME  = RS  = AL,NA,NA,NA,X,,,standard,NA
ZA7601,7601,Eurobarometer 92.3,Nov-Dec,2019,qa3a.1,qa3a.1,IMPORTANT ISSUES CNTRY: CRIME,,NA,0 = Not mentioned 1 = Crime 8 = Inap. (SPLIT B - 2 in split) 9 = Inap. (CY-TCC in isocntry),NA,NA,NA,X,,,standard,NA
ZA7601,7601,Eurobarometer 92.3,Nov-Dec,2019,qa3a.2,qa3a.2,IMPORTANT ISSUES CNTRY: ECONOMIC SITUATION,,NA,0 = Not mentioned 1 = Economic situation 8 = Inap. (SPLIT B - 2 in split) 9 = Inap. (CY-TCC in isocntry),NA,NA,NA,X,,,standard,NA
ZA7601,7601,Eurobarometer 92.3,Nov-Dec,2019,qa3a.3,qa3a.3,IMPORTANT ISSUES CNTRY: RISING PRICES/INFLATION,,NA,0 = Not mentioned 1 = Rising prices / inflation / cost of living 8 = Inap. (SPLIT B - 2 in split) 9 = Inap. (CY-TCC in isocntry),NA,NA,NA,X,,,standard,NA
ZA7601,7601,Eurobarometer 92.3,Nov-Dec,2019,qa3a.4,qa3a.4,IMPORTANT ISSUES CNTRY: TAXATION,,NA,0 = Not mentioned 1 = Taxation 8 = Inap. (SPLIT B - 2 in split) 9 = Inap. (CY-TCC in isocntry),NA,NA,NA,X,,,standard,NA
ZA7601,7601,Eurobarometer 92.3,Nov-Dec,2019,qa3a.5,qa3a.5,IMPORTANT ISSUES CNTRY: UNEMPLOYMENT,,NA,0 = Not mentioned 1 = Unemployment 8 = Inap. (SPLIT B - 2 in split) 9 = Inap. (CY-TCC in isocntry),NA,NA,NA,X,,,standard,NA
ZA7601,7601,Eurobarometer 92.3,Nov-Dec,2019,qa3a.6,qa3a.6,IMPORTANT ISSUES CNTRY: TERRORISM,,NA,0 = Not mentioned 1 = Terrorism 8 = Inap. (SPLIT B - 2 in split) 9 = Inap. (CY-TCC in isocntry),NA,NA,NA,X,,,standard,NA
ZA7601,7601,Eurobarometer 92.3,Nov-Dec,2019,qa3a.7,qa3a.7,IMPORTANT ISSUES CNTRY: HOUSING,,NA,0 = Not mentioned 1 = Housing 8 = Inap. (SPLIT B - 2 in split) 9 = Inap. (CY-TCC in isocntry),NA,NA,NA,X,,,standard,NA
ZA7601,7601,Eurobarometer 92.3,Nov-Dec,2019,qa3a.8,qa3a.8,IMPORTANT ISSUES CNTRY: GOVERNMENT DEBT,,NA,0 = Not mentioned 1 = Government debt 8 = Inap. (SPLIT B - 2 in split) 9 = Inap. (CY-TCC in isocntry),NA,NA,NA,X,,,standard,NA
ZA7601,7601,Eurobarometer 92.3,Nov-Dec,2019,qa3a.9,qa3a.9,IMPORTANT ISSUES CNTRY: IMMIGRATION,,NA,0 = Not mentioned 1 = Immigration 8 = Inap. (SPLIT B - 2 in split) 9 = Inap. (CY-TCC in isocntry),NA,NA,NA,X,,,standard,NA
ZA7601,7601,Eurobarometer 92.3,Nov-Dec,2019,qa3a.10,qa3a.10,IMPORTANT ISSUES CNTRY: HEALTH & SOC SECURITY,,NA,0 = Not mentioned 1 = Health and social security 8 = Inap. (SPLIT B - 2 in split) 9 = Inap. (CY-TCC in isocntry),NA,NA,NA,X,,,standard,NA
ZA7601,7601,Eurobarometer 92.3,Nov-Dec,2019,qa3a.11,qa3a.11,IMPORTANT ISSUES CNTRY: EDUCATION SYSTEM,,NA,0 = Not mentioned 1 = The education system 8 = Inap. (SPLIT B - 2 in split) 9 = Inap. (CY-TCC in isocntry),NA,NA,NA,X,,,standard,NA
ZA7601,7601,Eurobarometer 92.3,Nov-Dec,2019,qa3a.12,qa3a.12,IMPORTANT ISSUES CNTRY: PENSIONS,,NA,0 = Not mentioned 1 = Pensions 8 = Inap. (SPLIT B - 2 in split) 9 = Inap. (CY-TCC in isocntry),NA,NA,NA,X,,,standard,NA
ZA7601,7601,Eurobarometer 92.3,Nov-Dec,2019,qa3a.13,qa3a.13,IMPORTANT ISSUES CNTRY: THE ENVIRONMENT/CLIMATE/ENERGY,,NA,"0 = Not mentioned 1 = The environment, climate and energy issues 8 = Inap. (SPLIT B - 2 in split) 9 = Inap. (CY-TCC in isocntry)",NA,NA,NA,X,,,standard,NA
ZA7601,7601,Eurobarometer 92.3,Nov-Dec,2019,qa3a.14,qa3a.14,IMPORTANT ISSUES CNTRY: OTHER (SPONT),,NA,0 = Not mentioned 1 = Other (SPONTANEOUS) 8 = Inap. (SPLIT B - 2 in split) 9 = Inap. (CY-TCC in isocntry),NA,NA,NA,X,,,standard,NA
ZA7601,7601,Eurobarometer 92.3,Nov-Dec,2019,qa3a.15,qa3a.15,IMPORTANT ISSUES CNTRY: NONE (SPONT),,NA,0 = Not mentioned 1 = None (SPONTANEOUS) 8 = Inap. (SPLIT B - 2 in split) 9 = Inap. (CY-TCC in isocntry),NA,NA,NA,X,,,standard,NA
ZA7601,7601,Eurobarometer 92.3,Nov-Dec,2019,qa3a.16,qa3a.16,IMPORTANT ISSUES CNTRY: DK,,NA,0 = Not mentioned 1 = DK 8 = Inap. (SPLIT B - 2 in split) 9 = Inap. (CY-TCC in isocntry),NA,NA,NA,X,,,standard,NA
ZA7601,7601,Eurobarometer 92.3,Nov-Dec,2019,qa3b.1,qa3b.1,IMPORTANT ISSUES CNTRY: CRIME,,NA,0 = Not mentioned 1 = Crime 8 = Inap. (SPLIT A - 1 in split) 9 = Inap. (CY-TCC in isocntry),NA,NA,NA,X,,,standard,NA
ZA7601,7601,Eurobarometer 92.3,Nov-Dec,2019,qa3b.2,qa3b.2,IMPORTANT ISSUES CNTRY: ECONOMIC SITUATION,,NA,0 = Not mentioned 1 = Economic situation 8 = Inap. (SPLIT A - 1 in split) 9 = Inap. (CY-TCC in isocntry),NA,NA,NA,X,,,standard,NA
ZA7601,7601,Eurobarometer 92.3,Nov-Dec,2019,qa3b.3,qa3b.3,IMPORTANT ISSUES CNTRY: RISING PRICES/INFLATION,,NA,0 = Not mentioned 1 = Rising prices / inflation / cost of living 8 = Inap. (SPLIT A - 1 in split) 9 = Inap. (CY-TCC in isocntry),NA,NA,NA,X,,,standard,NA
ZA7601,7601,Eurobarometer 92.3,Nov-Dec,2019,qa3b.4,qa3b.4,IMPORTANT ISSUES CNTRY: TAXATION,,NA,0 = Not mentioned 1 = Taxation 8 = Inap. (SPLIT A - 1 in split) 9 = Inap. (CY-TCC in isocntry),NA,NA,NA,X,,,standard,NA
ZA7601,7601,Eurobarometer 92.3,Nov-Dec,2019,qa3b.5,qa3b.5,IMPORTANT ISSUES CNTRY: UNEMPLOYMENT,,NA,0 = Not mentioned 1 = Unemployment 8 = Inap. (SPLIT A - 1 in split) 9 = Inap. (CY-TCC in isocntry),NA,NA,NA,X,,,standard,NA
ZA7601,7601,Eurobarometer 92.3,Nov-Dec,2019,qa3b.6,qa3b.6,IMPORTANT ISSUES CNTRY: TERRORISM,,NA,0 = Not mentioned 1 = Terrorism 8 = Inap. (SPLIT A - 1 in split) 9 = Inap. (CY-TCC in isocntry),NA,NA,NA,X,,,standard,NA
ZA7601,7601,Eurobarometer 92.3,Nov-Dec,2019,qa3b.7,qa3b.7,IMPORTANT ISSUES CNTRY: HOUSING,,NA,0 = Not mentioned 1 = Housing 8 = Inap. (SPLIT A - 1 in split) 9 = Inap. (CY-TCC in isocntry),NA,NA,NA,X,,,standard,NA
ZA7601,7601,Eurobarometer 92.3,Nov-Dec,2019,qa3b.8,qa3b.8,IMPORTANT ISSUES CNTRY: GOVERNMENT DEBT,,NA,0 = Not mentioned 1 = Government debt 8 = Inap. (SPLIT A - 1 in split) 9 = Inap. (CY-TCC in isocntry),NA,NA,NA,X,,,standard,NA
ZA7601,7601,Eurobarometer 92.3,Nov-Dec,2019,qa3b.9,qa3b.9,IMPORTANT ISSUES CNTRY: IMMIGRATION,,NA,0 = Not mentioned 1 = Immigration 8 = Inap. (SPLIT A - 1 in split) 9 = Inap. (CY-TCC in isocntry),NA,NA,NA,X,,,standard,NA
ZA7601,7601,Eurobarometer 92.3,Nov-Dec,2019,qa3b.10,qa3b.10,IMPORTANT ISSUES CNTRY: HEALTH & SOC SECURITY,,NA,0 = Not mentioned 1 = Health and social security 8 = Inap. (SPLIT A - 1 in split) 9 = Inap. (CY-TCC in isocntry),NA,NA,NA,X,,,standard,NA
ZA7601,7601,Eurobarometer 92.3,Nov-Dec,2019,qa3b.11,qa3b.11,IMPORTANT ISSUES CNTRY: EDUCATION SYSTEM,,NA,0 = Not mentioned 1 = The education system 8 = Inap. (SPLIT A - 1 in split) 9 = Inap. (CY-TCC in isocntry),NA,NA,NA,X,,,standard,NA
ZA7601,7601,Eurobarometer 92.3,Nov-Dec,2019,qa3b.12,qa3b.12,IMPORTANT ISSUES CNTRY: PENSIONS,,NA,0 = Not mentioned 1 = Pensions 8 = Inap. (SPLIT A - 1 in split) 9 = Inap. (CY-TCC in isocntry),NA,NA,NA,X,,,standard,NA
ZA7601,7601,Eurobarometer 92.3,Nov-Dec,2019,qa3b.13,qa3b.13,IMPORTANT ISSUES CNTRY: THE ENVIRONMENT & CLIMATE CHANGE,,NA,0 = Not mentioned 1 = The environment and climate change 8 = Inap. (SPLIT A - 1 in split) 9 = Inap. (CY-TCC in isocntry),NA,NA,NA,X,,,standard,NA
ZA7601,7601,Eurobarometer 92.3,Nov-Dec,2019,qa3b.14,qa3b.14,IMPORTANT ISSUES CNTRY: ENERGY SUPPLY,,NA,0 = Not mentioned 1 = Energy supply 8 = Inap. (SPLIT A - 1 in split) 9 = Inap. (CY-TCC in isocntry),NA,NA,NA,X,,,standard,NA
ZA7601,7601,Eurobarometer 92.3,Nov-Dec,2019,qa3b.15,qa3b.15,IMPORTANT ISSUES CNTRY: OTHER (SPONT),,NA,0 = Not mentioned 1 = Other (SPONTANEOUS) 8 = Inap. (SPLIT A - 1 in split) 9 = Inap. (CY-TCC in isocntry),NA,NA,NA,X,,,standard,NA
ZA7601,7601,Eurobarometer 92.3,Nov-Dec,2019,qa3b.16,qa3b.16,IMPORTANT ISSUES CNTRY: NONE (SPONT),,NA,0 = Not mentioned 1 = None (SPONTANEOUS) 8 = Inap. (SPLIT A - 1 in split) 9 = Inap. (CY-TCC in isocntry),NA,NA,NA,X,,,standard,NA
ZA7601,7601,Eurobarometer 92.3,Nov-Dec,2019,qa3b.17,qa3b.17,IMPORTANT ISSUES CNTRY: DK,,NA,0 = Not mentioned 1 = DK 8 = Inap. (SPLIT A - 1 in split) 9 = Inap. (CY-TCC in isocntry),NA,NA,NA,X,,,standard,NA
ZA7601,7601,Eurobarometer 92.3,Nov-Dec,2019,qa3b_t,qa3b_t,IMPORTANT ISSUES CNTRY: THE ENVIRONMENT/CLIMATE CHANGE/ENERGY SUPPLY (QA3B.13+QA3B.14),,NA,"0 = Not mentioned 1 = The environment, climate and energy issues 8 = Inap. (SPLIT A - 1 in split) 9 = Inap. (CY-TCC in isocntry)",NA,NA,NA,X,,,standard,NA
ZA7601,7601,Eurobarometer 92.3,Nov-Dec,2019,qa3c.1,qa3c.1,IMPORTANT ISSUES CNTRY: CRIME (TCC),,NA,0 = Not mentioned 1 = Crime 8 = Inap. (SPLIT B - 2 in split) 9 = Inap. (not CY-TCC in isocntry),NA,NA,NA,X,,,standard,NA
ZA7601,7601,Eurobarometer 92.3,Nov-Dec,2019,qa3c.2,qa3c.2,IMPORTANT ISSUES CNTRY: ECONOMIC SITUATION (TCC),,NA,0 = Not mentioned 1 = Economic situation 8 = Inap. (SPLIT B - 2 in split) 9 = Inap. (not CY-TCC in isocntry),NA,NA,NA,X,,,standard,NA
ZA7601,7601,Eurobarometer 92.3,Nov-Dec,2019,qa3c.3,qa3c.3,IMPORTANT ISSUES CNTRY: RISING PRICES/INFLATION (TCC),,NA,0 = Not mentioned 1 = Rising prices / inflation / cost of living 8 = Inap. (SPLIT B - 2 in split) 9 = Inap. (not CY-TCC in isocntry),NA,NA,NA,X,,,standard,NA
ZA7601,7601,Eurobarometer 92.3,Nov-Dec,2019,qa3c.4,qa3c.4,IMPORTANT ISSUES CNTRY: TAXATION (TCC),,NA,0 = Not mentioned 1 = Taxation 8 = Inap. (SPLIT B - 2 in split) 9 = Inap. (not CY-TCC in isocntry),NA,NA,NA,X,,,standard,NA
ZA7601,7601,Eurobarometer 92.3,Nov-Dec,2019,qa3c.5,qa3c.5,IMPORTANT ISSUES CNTRY: UNEMPLOYMENT (TCC),,NA,0 = Not mentioned 1 = Unemployment 8 = Inap. (SPLIT B - 2 in split) 9 = Inap. (not CY-TCC in isocntry),NA,NA,NA,X,,,standard,NA
ZA7601,7601,Eurobarometer 92.3,Nov-Dec,2019,qa3c.6,qa3c.6,IMPORTANT ISSUES CNTRY: TERRORISM (TCC),,NA,0 = Not mentioned 1 = Terrorism 8 = Inap. (SPLIT B - 2 in split) 9 = Inap. (not CY-TCC in isocntry),NA,NA,NA,X,,,standard,NA
ZA7601,7601,Eurobarometer 92.3,Nov-Dec,2019,qa3c.7,qa3c.7,IMPORTANT ISSUES CNTRY: HOUSING (TCC),,NA,0 = Not mentioned 1 = Housing 8 = Inap. (SPLIT B - 2 in split) 9 = Inap. (not CY-TCC in isocntry),NA,NA,NA,X,,,standard,NA
ZA7601,7601,Eurobarometer 92.3,Nov-Dec,2019,qa3c.8,qa3c.8,IMPORTANT ISSUES CNTRY: CYPRUS ISSUE (TCC),,NA,0 = Not mentioned 1 = Cyprus issue 8 = Inap. (SPLIT B - 2 in split) 9 = Inap. (not CY-TCC in isocntry),NA,NA,NA,X,,,standard,NA
ZA7601,7601,Eurobarometer 92.3,Nov-Dec,2019,qa3c.9,qa3c.9,IMPORTANT ISSUES CNTRY: IMMIGRATION (TCC),,NA,0 = Not mentioned 1 = Immigration 8 = Inap. (SPLIT B - 2 in split) 9 = Inap. (not CY-TCC in isocntry),NA,NA,NA,X,,,standard,NA
ZA7601,7601,Eurobarometer 92.3,Nov-Dec,2019,qa3c.10,qa3c.10,IMPORTANT ISSUES CNTRY: HEALTH & SOC SECURITY (TCC),,NA,0 = Not mentioned 1 = Health and social security 8 = Inap. (SPLIT B - 2 in split) 9 = Inap. (not CY-TCC in isocntry),NA,NA,NA,X,,,standard,NA
ZA7601,7601,Eurobarometer 92.3,Nov-Dec,2019,qa3c.11,qa3c.11,IMPORTANT ISSUES CNTRY: EDUCATION SYSTEM (TCC),,NA,0 = Not mentioned 1 = The education system 8 = Inap. (SPLIT B - 2 in split) 9 = Inap. (not CY-TCC in isocntry),NA,NA,NA,X,,,standard,NA
ZA7601,7601,Eurobarometer 92.3,Nov-Dec,2019,qa3c.12,qa3c.12,IMPORTANT ISSUES CNTRY: PENSIONS (TCC),,NA,0 = Not mentioned 1 = Pensions 8 = Inap. (SPLIT B - 2 in split) 9 = Inap. (not CY-TCC in isocntry),NA,NA,NA,X,,,standard,NA
ZA7601,7601,Eurobarometer 92.3,Nov-Dec,2019,qa3c.13,qa3c.13,IMPORTANT ISSUES CNTRY: THE ENVIRONMENT/CLIMATE/ENERGY (TCC),,NA,"0 = Not mentioned 1 = The environment, climate and energy issues 8 = Inap. (SPLIT B - 2 in split) 9 = Inap. (not CY-TCC in isocntry)",NA,NA,NA,X,,,standard,NA
ZA7601,7601,Eurobarometer 92.3,Nov-Dec,2019,qa3c.14,qa3c.14,IMPORTANT ISSUES CNTRY: OTHER (SPONT) (TCC),,NA,0 = Not mentioned 1 = Other (SPONTANEOUS) 8 = Inap. (SPLIT B - 2 in split) 9 = Inap. (not CY-TCC in isocntry),NA,NA,NA,X,,,standard,NA
ZA7601,7601,Eurobarometer 92.3,Nov-Dec,2019,qa3c.15,qa3c.15,IMPORTANT ISSUES CNTRY: NONE (SPONT) (TCC),,NA,0 = Not mentioned 1 = None (SPONTANEOUS) 8 = Inap. (SPLIT B - 2 in split) 9 = Inap. (not CY-TCC in isocntry),NA,NA,NA,X,,,standard,NA
ZA7601,7601,Eurobarometer 92.3,Nov-Dec,2019,qa3c.16,qa3c.16,IMPORTANT ISSUES CNTRY: DK (TCC),,NA,0 = Not mentioned 1 = DK 8 = Inap. (SPLIT B - 2 in split) 9 = Inap. (not CY-TCC in isocntry),NA,NA,NA,X,,,standard,NA
ZA7601,7601,Eurobarometer 92.3,Nov-Dec,2019,qa3d.1,qa3d.1,IMPORTANT ISSUES CNTRY: CRIME (TCC),,NA,0 = Not mentioned 1 = Crime 8 = Inap. (SPLIT A - 1 in split) 9 = Inap. (not CY-TCC in isocntry),NA,NA,NA,X,,,standard,NA
ZA7601,7601,Eurobarometer 92.3,Nov-Dec,2019,qa3d.2,qa3d.2,IMPORTANT ISSUES CNTRY: ECONOMIC SITUATION (TCC),,NA,0 = Not mentioned 1 = Economic situation 8 = Inap. (SPLIT A - 1 in split) 9 = Inap. (not CY-TCC in isocntry),NA,NA,NA,X,,,standard,NA
ZA7601,7601,Eurobarometer 92.3,Nov-Dec,2019,qa3d.3,qa3d.3,IMPORTANT ISSUES CNTRY: RISING PRICES/INFLATION (TCC),,NA,0 = Not mentioned 1 = Rising prices / inflation / cost of living 8 = Inap. (SPLIT A - 1 in split) 9 = Inap. (not CY-TCC in isocntry),NA,NA,NA,X,,,standard,NA
ZA7601,7601,Eurobarometer 92.3,Nov-Dec,2019,qa3d.4,qa3d.4,IMPORTANT ISSUES CNTRY: TAXATION (TCC),,NA,0 = Not mentioned 1 = Taxation 8 = Inap. (SPLIT A - 1 in split) 9 = Inap. (not CY-TCC in isocntry),NA,NA,NA,X,,,standard,NA
ZA7601,7601,Eurobarometer 92.3,Nov-Dec,2019,qa3d.5,qa3d.5,IMPORTANT ISSUES CNTRY: UNEMPLOYMENT (TCC),,NA,0 = Not mentioned 1 = Unemployment 8 = Inap. (SPLIT A - 1 in split) 9 = Inap. (not CY-TCC in isocntry),NA,NA,NA,X,,,standard,NA
ZA7601,7601,Eurobarometer 92.3,Nov-Dec,2019,qa3d.6,qa3d.6,IMPORTANT ISSUES CNTRY: TERRORISM (TCC),,NA,0 = Not mentioned 1 = Terrorism 8 = Inap. (SPLIT A - 1 in split) 9 = Inap. (not CY-TCC in isocntry),NA,NA,NA,X,,,standard,NA
ZA7601,7601,Eurobarometer 92.3,Nov-Dec,2019,qa3d.7,qa3d.7,IMPORTANT ISSUES CNTRY: HOUSING (TCC),,NA,0 = Not mentioned 1 = Housing 8 = Inap. (SPLIT A - 1 in split) 9 = Inap. (not CY-TCC in isocntry),NA,NA,NA,X,,,standard,NA
ZA7601,7601,Eurobarometer 92.3,Nov-Dec,2019,qa3d.8,qa3d.8,IMPORTANT ISSUES CNTRY: CYPRUS ISSUE (TCC),,NA,0 = Not mentioned 1 = Cyprus issue 8 = Inap. (SPLIT A - 1 in split) 9 = Inap. (not CY-TCC in isocntry),NA,NA,NA,X,,,standard,NA
ZA7601,7601,Eurobarometer 92.3,Nov-Dec,2019,qa3d.9,qa3d.9,IMPORTANT ISSUES CNTRY: IMMIGRATION (TCC),,NA,0 = Not mentioned 1 = Immigration 8 = Inap. (SPLIT A - 1 in split) 9 = Inap. (not CY-TCC in isocntry),NA,NA,NA,X,,,standard,NA
ZA7601,7601,Eurobarometer 92.3,Nov-Dec,2019,qa3d.10,qa3d.10,IMPORTANT ISSUES CNTRY: HEALTH & SOC SECURITY (TCC),,NA,0 = Not mentioned 1 = Health and social security 8 = Inap. (SPLIT A - 1 in split) 9 = Inap. (not CY-TCC in isocntry),NA,NA,NA,X,,,standard,NA
ZA7601,7601,Eurobarometer 92.3,Nov-Dec,2019,qa3d.11,qa3d.11,IMPORTANT ISSUES CNTRY: EDUCATION SYSTEM (TCC),,NA,0 = Not mentioned 1 = The education system 8 = Inap. (SPLIT A - 1 in split) 9 = Inap. (not CY-TCC in isocntry),NA,NA,NA,X,,,standard,NA
ZA7601,7601,Eurobarometer 92.3,Nov-Dec,2019,qa3d.12,qa3d.12,IMPORTANT ISSUES CNTRY: PENSIONS (TCC),,NA,0 = Not mentioned 1 = Pensions 8 = Inap. (SPLIT A - 1 in split) 9 = Inap. (not CY-TCC in isocntry),NA,NA,NA,X,,,standard,NA
ZA7601,7601,Eurobarometer 92.3,Nov-Dec,2019,qa3d.13,qa3d.13,IMPORTANT ISSUES CNTRY: THE ENVIRONMENT & CLIMATE CHANGE (TCC),,NA,0 = Not mentioned 1 = The environment and climate change 8 = Inap. (SPLIT A - 1 in split) 9 = Inap. (not CY-TCC in isocntry),NA,NA,NA,X,,,standard,NA
ZA7601,7601,Eurobarometer 92.3,Nov-Dec,2019,qa3d.14,qa3d.14,IMPORTANT ISSUES CNTRY: ENERGY SUPPLY (TCC),,NA,0 = Not mentioned 1 = Energy supply 8 = Inap. (SPLIT A - 1 in split) 9 = Inap. (not CY-TCC in isocntry),NA,NA,NA,X,,,standard,NA
ZA7601,7601,Eurobarometer 92.3,Nov-Dec,2019,qa3d.15,qa3d.15,IMPORTANT ISSUES CNTRY: OTHER (SPONT) (TCC),,NA,0 = Not mentioned 1 = Other (SPONTANEOUS) 8 = Inap. (SPLIT A - 1 in split) 9 = Inap. (not CY-TCC in isocntry),NA,NA,NA,X,,,standard,NA
ZA7601,7601,Eurobarometer 92.3,Nov-Dec,2019,qa3d.16,qa3d.16,IMPORTANT ISSUES CNTRY: NONE (SPONT) (TCC),,NA,0 = Not mentioned 1 = None (SPONTANEOUS) 8 = Inap. (SPLIT A - 1 in split) 9 = Inap. (not CY-TCC in isocntry),NA,NA,NA,X,,,standard,NA
ZA7601,7601,Eurobarometer 92.3,Nov-Dec,2019,qa3d.17,qa3d.17,IMPORTANT ISSUES CNTRY: DK (TCC),,NA,0 = Not mentioned 1 = DK 8 = Inap. (SPLIT A - 1 in split) 9 = Inap. (not CY-TCC in isocntry),NA,NA,NA,X,,,standard,NA
ZA7601,7601,Eurobarometer 92.3,Nov-Dec,2019,qa3d_t,qa3d_t,IMPORTANT ISSUES CNTRY: THE ENVIRONMENT/CLIMATE CHANGE/ENERGY SUPPLY (QA3D.13+QA3D.14) (TCC),,NA,"0 = Not mentioned 1 = The environment, climate and energy issues 8 = Inap. (SPLIT A - 1 in split) 9 = Inap. (Not CY-TCC in isocntry)",NA,NA,NA,X,,,standard,NA
ZA7601,7601,Eurobarometer 92.3,Nov-Dec,2019,qa4a.1,qa4a.1,IMPORTANT ISSUES PERS: CRIME,,NA,0 = Not mentioned 1 = Crime 8 = Inap. (SPLIT B - 2 in split) 9 = Inap. (CY-TCC in isocntry),NA,NA,NA,X,,,standard,NA
ZA7601,7601,Eurobarometer 92.3,Nov-Dec,2019,qa4a.2,qa4a.2,IMPORTANT ISSUES PERS: ECONOMIC SITUATION,,NA,0 = Not mentioned 1 = The economic situation in (OUR COUNTRY) 8 = Inap. (SPLIT B - 2 in split) 9 = Inap. (CY-TCC in isocntry),NA,NA,NA,X,,,standard,NA
ZA7601,7601,Eurobarometer 92.3,Nov-Dec,2019,qa4a.3,qa4a.3,IMPORTANT ISSUES PERS: RISING PRICES/INFLATION,,NA,0 = Not mentioned 1 = Rising prices / inflation / cost of living 8 = Inap. (SPLIT B - 2 in split) 9 = Inap. (CY-TCC in isocntry),NA,NA,NA,X,,,standard,NA
ZA7601,7601,Eurobarometer 92.3,Nov-Dec,2019,qa4a.4,qa4a.4,IMPORTANT ISSUES PERS: TAXATION,,NA,0 = Not mentioned 1 = Taxation 8 = Inap. (SPLIT B - 2 in split) 9 = Inap. (CY-TCC in isocntry),NA,NA,NA,X,,,standard,NA
ZA7601,7601,Eurobarometer 92.3,Nov-Dec,2019,qa4a.5,qa4a.5,IMPORTANT ISSUES PERS: UNEMPLOYMENT,,NA,0 = Not mentioned 1 = Unemployment 8 = Inap. (SPLIT B - 2 in split) 9 = Inap. (CY-TCC in isocntry),NA,NA,NA,X,,,standard,NA
ZA7601,7601,Eurobarometer 92.3,Nov-Dec,2019,qa4a.6,qa4a.6,IMPORTANT ISSUES PERS: TERRORISM,,NA,0 = Not mentioned 1 = Terrorism 8 = Inap. (SPLIT B - 2 in split) 9 = Inap. (CY-TCC in isocntry),NA,NA,NA,X,,,standard,NA
ZA7601,7601,Eurobarometer 92.3,Nov-Dec,2019,qa4a.7,qa4a.7,IMPORTANT ISSUES PERS: HOUSING,,NA,0 = Not mentioned 1 = Housing 8 = Inap. (SPLIT B - 2 in split) 9 = Inap. (CY-TCC in isocntry),NA,NA,NA,X,,,standard,NA
ZA7601,7601,Eurobarometer 92.3,Nov-Dec,2019,qa4a.8,qa4a.8,IMPORTANT ISSUES PERS: FINANCIAL SIT HH,,NA,0 = Not mentioned 1 = The financial situation of your household 8 = Inap. (SPLIT B - 2 in split) 9 = Inap. (CY-TCC in isocntry),NA,NA,NA,X,,,standard,NA
ZA7601,7601,Eurobarometer 92.3,Nov-Dec,2019,qa4a.9,qa4a.9,IMPORTANT ISSUES PERS: IMMIGRATION,,NA,0 = Not mentioned 1 = Immigration 8 = Inap. (SPLIT B - 2 in split) 9 = Inap. (CY-TCC in isocntry),NA,NA,NA,X,,,standard,NA
ZA7601,7601,Eurobarometer 92.3,Nov-Dec,2019,qa4a.10,qa4a.10,IMPORTANT ISSUES PERS: HEALTH & SOC SECURITY,,NA,0 = Not mentioned 1 = Health and social security 8 = Inap. (SPLIT B - 2 in split) 9 = Inap. (CY-TCC in isocntry),NA,NA,NA,X,,,standard,NA
ZA7601,7601,Eurobarometer 92.3,Nov-Dec,2019,qa4a.11,qa4a.11,IMPORTANT ISSUES PERS: EDUCATION SYSTEM,,NA,0 = Not mentioned 1 = The education system 8 = Inap. (SPLIT B - 2 in split) 9 = Inap. (CY-TCC in isocntry),NA,NA,NA,X,,,standard,NA
ZA7601,7601,Eurobarometer 92.3,Nov-Dec,2019,qa4a.12,qa4a.12,IMPORTANT ISSUES PERS: THE ENVIRONMENT/CLIMATE/ENERGY,,NA,"0 = Not mentioned 1 = The environment, climate and energy issues 8 = Inap. (SPLIT B - 2 in split) 9 = Inap. (CY-TCC in isocntry)",NA,NA,NA,X,,,standard,NA
ZA7601,7601,Eurobarometer 92.3,Nov-Dec,2019,qa4a.13,qa4a.13,IMPORTANT ISSUES PERS: PENSIONS,,NA,0 = Not mentioned 1 = Pensions 8 = Inap. (SPLIT B - 2 in split) 9 = Inap. (CY-TCC in isocntry),NA,NA,NA,X,,,standard,NA
ZA7601,7601,Eurobarometer 92.3,Nov-Dec,2019,qa4a.14,qa4a.14,IMPORTANT ISSUES PERS: WORKING CONDITIONS,,NA,0 = Not mentioned 1 = Working conditions 8 = Inap. (SPLIT B - 2 in split) 9 = Inap. (CY-TCC in isocntry),NA,NA,NA,X,,,standard,NA
ZA7601,7601,Eurobarometer 92.3,Nov-Dec,2019,qa4a.15,qa4a.15,IMPORTANT ISSUES PERS: LIVING CONDITIONS,,NA,0 = Not mentioned 1 = Living conditions 8 = Inap. (SPLIT B - 2 in split) 9 = Inap. (CY-TCC in isocntry),NA,NA,NA,X,,,standard,NA
ZA7601,7601,Eurobarometer 92.3,Nov-Dec,2019,qa4a.16,qa4a.16,IMPORTANT ISSUES PERS: OTHER (SPONT),,NA,0 = Not mentioned 1 = Other (SPONTANEOUS) 8 = Inap. (SPLIT B - 2 in split) 9 = Inap. (CY-TCC in isocntry),NA,NA,NA,X,,,standard,NA
ZA7601,7601,Eurobarometer 92.3,Nov-Dec,2019,qa4a.17,qa4a.17,IMPORTANT ISSUES PERS: NONE (SPONT),,NA,0 = Not mentioned 1 = None (SPONTANEOUS) 8 = Inap. (SPLIT B - 2 in split) 9 = Inap. (CY-TCC in isocntry),NA,NA,NA,X,,,standard,NA
ZA7601,7601,Eurobarometer 92.3,Nov-Dec,2019,qa4a.18,qa4a.18,IMPORTANT ISSUES PERS: DK,,NA,0 = Not mentioned 1 = DK 8 = Inap. (SPLIT B - 2 in split) 9 = Inap. (CY-TCC in isocntry),NA,NA,NA,X,,,standard,NA
ZA7601,7601,Eurobarometer 92.3,Nov-Dec,2019,qa4b.1,qa4b.1,IMPORTANT ISSUES PERS: CRIME,,NA,0 = Not mentioned 1 = Crime 8 = Inap. (SPLIT A - 1 in split) 9 = Inap. (CY-TCC in isocntry),NA,NA,NA,X,,,standard,NA
ZA7601,7601,Eurobarometer 92.3,Nov-Dec,2019,qa4b.2,qa4b.2,IMPORTANT ISSUES PERS: ECONOMIC SITUATION,,NA,0 = Not mentioned 1 = The economic situation in (OUR COUNTRY) 8 = Inap. (SPLIT A - 1 in split) 9 = Inap. (CY-TCC in isocntry),NA,NA,NA,X,,,standard,NA
ZA7601,7601,Eurobarometer 92.3,Nov-Dec,2019,qa4b.3,qa4b.3,IMPORTANT ISSUES PERS: RISING PRICES/INFLATION,,NA,0 = Not mentioned 1 = Rising prices / inflation / cost of living 8 = Inap. (SPLIT A - 1 in split) 9 = Inap. (CY-TCC in isocntry),NA,NA,NA,X,,,standard,NA
ZA7601,7601,Eurobarometer 92.3,Nov-Dec,2019,qa4b.4,qa4b.4,IMPORTANT ISSUES PERS: TAXATION,,NA,0 = Not mentioned 1 = Taxation 8 = Inap. (SPLIT A - 1 in split) 9 = Inap. (CY-TCC in isocntry),NA,NA,NA,X,,,standard,NA
ZA7601,7601,Eurobarometer 92.3,Nov-Dec,2019,qa4b.5,qa4b.5,IMPORTANT ISSUES PERS: UNEMPLOYMENT,,NA,0 = Not mentioned 1 = Unemployment 8 = Inap. (SPLIT A - 1 in split) 9 = Inap. (CY-TCC in isocntry),NA,NA,NA,X,,,standard,NA
ZA7601,7601,Eurobarometer 92.3,Nov-Dec,2019,qa4b.6,qa4b.6,IMPORTANT ISSUES PERS: TERRORISM,,NA,0 = Not mentioned 1 = Terrorism 8 = Inap. (SPLIT A - 1 in split) 9 = Inap. (CY-TCC in isocntry),NA,NA,NA,X,,,standard,NA
ZA7601,7601,Eurobarometer 92.3,Nov-Dec,2019,qa4b.7,qa4b.7,IMPORTANT ISSUES PERS: HOUSING,,NA,0 = Not mentioned 1 = Housing 8 = Inap. (SPLIT A - 1 in split) 9 = Inap. (CY-TCC in isocntry),NA,NA,NA,X,,,standard,NA
ZA7601,7601,Eurobarometer 92.3,Nov-Dec,2019,qa4b.8,qa4b.8,IMPORTANT ISSUES PERS: FINANCIAL SIT HH,,NA,0 = Not mentioned 1 = The financial situation of your household 8 = Inap. (SPLIT A - 1 in split) 9 = Inap. (CY-TCC in isocntry),NA,NA,NA,X,,,standard,NA
ZA7601,7601,Eurobarometer 92.3,Nov-Dec,2019,qa4b.9,qa4b.9,IMPORTANT ISSUES PERS: IMMIGRATION,,NA,0 = Not mentioned 1 = Immigration 8 = Inap. (SPLIT A - 1 in split) 9 = Inap. (CY-TCC in isocntry),NA,NA,NA,X,,,standard,NA
ZA7601,7601,Eurobarometer 92.3,Nov-Dec,2019,qa4b.10,qa4b.10,IMPORTANT ISSUES PERS: HEALTH & SOC SECURITY,,NA,0 = Not mentioned 1 = Health and social security 8 = Inap. (SPLIT A - 1 in split) 9 = Inap. (CY-TCC in isocntry),NA,NA,NA,X,,,standard,NA
ZA7601,7601,Eurobarometer 92.3,Nov-Dec,2019,qa4b.11,qa4b.11,IMPORTANT ISSUES PERS: EDUCATION SYSTEM,,NA,0 = Not mentioned 1 = The education system 8 = Inap. (SPLIT A - 1 in split) 9 = Inap. (CY-TCC in isocntry),NA,NA,NA,X,,,standard,NA
ZA7601,7601,Eurobarometer 92.3,Nov-Dec,2019,qa4b.12,qa4b.12,IMPORTANT ISSUES PERS: THE ENVIRONMENT & CLIMATE CHANGE,,NA,0 = Not mentioned 1 = The environment and climate change 8 = Inap. (SPLIT A - 1 in split) 9 = Inap. (CY-TCC in isocntry),NA,NA,NA,X,,,standard,NA
ZA7601,7601,Eurobarometer 92.3,Nov-Dec,2019,qa4b.13,qa4b.13,IMPORTANT ISSUES PERS: PENSIONS,,NA,0 = Not mentioned 1 = Pensions 8 = Inap. (SPLIT A - 1 in split) 9 = Inap. (CY-TCC in isocntry),NA,NA,NA,X,,,standard,NA
ZA7601,7601,Eurobarometer 92.3,Nov-Dec,2019,qa4b.14,qa4b.14,IMPORTANT ISSUES PERS: WORKING CONDITIONS,,NA,0 = Not mentioned 1 = Working conditions 8 = Inap. (SPLIT A - 1 in split) 9 = Inap. (CY-TCC in isocntry),NA,NA,NA,X,,,standard,NA
ZA7601,7601,Eurobarometer 92.3,Nov-Dec,2019,qa4b.15,qa4b.15,IMPORTANT ISSUES PERS: LIVING CONDITIONS,,NA,0 = Not mentioned 1 = Living conditions 8 = Inap. (SPLIT A - 1 in split) 9 = Inap. (CY-TCC in isocntry),NA,NA,NA,X,,,standard,NA
ZA7601,7601,Eurobarometer 92.3,Nov-Dec,2019,qa4b.16,qa4b.16,IMPORTANT ISSUES PERS: OTHER (SPONT),,NA,0 = Not mentioned 1 = Other (SPONTANEOUS) 8 = Inap. (SPLIT A - 1 in split) 9 = Inap. (CY-TCC in isocntry),NA,NA,NA,X,,,standard,NA
ZA7601,7601,Eurobarometer 92.3,Nov-Dec,2019,qa4b.17,qa4b.17,IMPORTANT ISSUES PERS: NONE (SPONT),,NA,0 = Not mentioned 1 = None (SPONTANEOUS) 8 = Inap. (SPLIT A - 1 in split) 9 = Inap. (CY-TCC in isocntry),NA,NA,NA,X,,,standard,NA
ZA7601,7601,Eurobarometer 92.3,Nov-Dec,2019,qa4b.18,qa4b.18,IMPORTANT ISSUES PERS: DK,,NA,0 = Not mentioned 1 = DK 8 = Inap. (SPLIT A - 1 in split) 9 = Inap. (CY-TCC in isocntry),NA,NA,NA,X,,,standard,NA
ZA7601,7601,Eurobarometer 92.3,Nov-Dec,2019,qa4c.1,qa4c.1,IMPORTANT ISSUES PERS: CRIME (TCC),,NA,0 = Not mentioned 1 = Crime 8 = Inap. (SPLIT B - 2 in split) 9 = Inap. (not CY-TCC in isocntry),NA,NA,NA,X,,,standard,NA
ZA7601,7601,Eurobarometer 92.3,Nov-Dec,2019,qa4c.2,qa4c.2,IMPORTANT ISSUES PERS: ECONOMIC SITUATION (TCC),,NA,0 = Not mentioned 1 = The economic situation in our Community 8 = Inap. (SPLIT B - 2 in split) 9 = Inap. (not CY-TCC in isocntry),NA,NA,NA,X,,,standard,NA
ZA7601,7601,Eurobarometer 92.3,Nov-Dec,2019,qa4c.3,qa4c.3,IMPORTANT ISSUES PERS: RISING PRICES/INFLATION (TCC),,NA,0 = Not mentioned 1 = Rising prices / inflation / cost of living 8 = Inap. (SPLIT B - 2 in split) 9 = Inap. (not CY-TCC in isocntry),NA,NA,NA,X,,,standard,NA
ZA7601,7601,Eurobarometer 92.3,Nov-Dec,2019,qa4c.4,qa4c.4,IMPORTANT ISSUES PERS: TAXATION (TCC),,NA,0 = Not mentioned 1 = Taxation 8 = Inap. (SPLIT B - 2 in split) 9 = Inap. (not CY-TCC in isocntry),NA,NA,NA,X,,,standard,NA
ZA7601,7601,Eurobarometer 92.3,Nov-Dec,2019,qa4c.5,qa4c.5,IMPORTANT ISSUES PERS: UNEMPLOYMENT (TCC),,NA,0 = Not mentioned 1 = Unemployment 8 = Inap. (SPLIT B - 2 in split) 9 = Inap. (not CY-TCC in isocntry),NA,NA,NA,X,,,standard,NA
ZA7601,7601,Eurobarometer 92.3,Nov-Dec,2019,qa4c.6,qa4c.6,IMPORTANT ISSUES PERS: TERRORISM (TCC),,NA,0 = Not mentioned 1 = Terrorism 8 = Inap. (SPLIT B - 2 in split) 9 = Inap. (not CY-TCC in isocntry),NA,NA,NA,X,,,standard,NA
ZA7601,7601,Eurobarometer 92.3,Nov-Dec,2019,qa4c.7,qa4c.7,IMPORTANT ISSUES PERS: CYPRUS ISSUE (TCC),,NA,0 = Not mentioned 1 = Cyprus issue 8 = Inap. (SPLIT B - 2 in split) 9 = Inap. (not CY-TCC in isocntry),NA,NA,NA,X,,,standard,NA
ZA7601,7601,Eurobarometer 92.3,Nov-Dec,2019,qa4c.8,qa4c.8,IMPORTANT ISSUES PERS: HOUSING (TCC),,NA,0 = Not mentioned 1 = Housing 8 = Inap. (SPLIT B - 2 in split) 9 = Inap. (not CY-TCC in isocntry),NA,NA,NA,X,,,standard,NA
ZA7601,7601,Eurobarometer 92.3,Nov-Dec,2019,qa4c.9,qa4c.9,IMPORTANT ISSUES PERS:  FINANCIAL SIT HH (TCC),,NA,0 = Not mentioned 1 = The financial situation of your household 8 = Inap. (SPLIT B - 2 in split) 9 = Inap. (not CY-TCC in isocntry),NA,NA,NA,X,,,standard,NA
ZA7601,7601,Eurobarometer 92.3,Nov-Dec,2019,qa4c.10,qa4c.10,IMPORTANT ISSUES PERS: IMMIGRATION (TCC),,NA,0 = Not mentioned 1 = Immigration 8 = Inap. (SPLIT B - 2 in split) 9 = Inap. (not CY-TCC in isocntry),NA,NA,NA,X,,,standard,NA
ZA7601,7601,Eurobarometer 92.3,Nov-Dec,2019,qa4c.11,qa4c.11,IMPORTANT ISSUES PERS: HEALTH & SOC SECURITY (TCC),,NA,0 = Not mentioned 1 = Health and social security 8 = Inap. (SPLIT B - 2 in split) 9 = Inap. (not CY-TCC in isocntry),NA,NA,NA,X,,,standard,NA
ZA7601,7601,Eurobarometer 92.3,Nov-Dec,2019,qa4c.12,qa4c.12,IMPORTANT ISSUES PERS: EDUCATION SYSTEM (TCC),,NA,0 = Not mentioned 1 = The education system 8 = Inap. (SPLIT B - 2 in split) 9 = Inap. (not CY-TCC in isocntry),NA,NA,NA,X,,,standard,NA
ZA7601,7601,Eurobarometer 92.3,Nov-Dec,2019,qa4c.13,qa4c.13,IMPORTANT ISSUES PERS: THE ENVIRONMENT/CLIMATE/ENERGY (TCC),,NA,"0 = Not mentioned 1 = The environment, climate and energy issues 8 = Inap. (SPLIT B - 2 in split) 9 = Inap. (not CY-TCC in isocntry)",NA,NA,NA,X,,,standard,NA
ZA7601,7601,Eurobarometer 92.3,Nov-Dec,2019,qa4c.14,qa4c.14,IMPORTANT ISSUES PERS: WORKING CONDITIONS (TCC),,NA,0 = Not mentioned 1 = Working conditions 8 = Inap. (SPLIT B - 2 in split) 9 = Inap. (not CY-TCC in isocntry),NA,NA,NA,X,,,standard,NA
ZA7601,7601,Eurobarometer 92.3,Nov-Dec,2019,qa4c.15,qa4c.15,IMPORTANT ISSUES PERS: LIVING CONDITIONS (TCC),,NA,0 = Not mentioned 1 = Living conditions 8 = Inap. (SPLIT B - 2 in split) 9 = Inap. (not CY-TCC in isocntry),NA,NA,NA,X,,,standard,NA
ZA7601,7601,Eurobarometer 92.3,Nov-Dec,2019,qa4c.16,qa4c.16,IMPORTANT ISSUES PERS: OTHER (SPONT) (TCC),,NA,0 = Not mentioned 1 = Other (SPONTANEOUS) 8 = Inap. (SPLIT B - 2 in split) 9 = Inap. (not CY-TCC in isocntry),NA,NA,NA,X,,,standard,NA
ZA7601,7601,Eurobarometer 92.3,Nov-Dec,2019,qa4c.17,qa4c.17,IMPORTANT ISSUES PERS: NONE (SPONT) (TCC),,NA,0 = Not mentioned 1 = None (SPONTANEOUS) 8 = Inap. (SPLIT B - 2 in split) 9 = Inap. (not CY-TCC in isocntry),NA,NA,NA,X,,,standard,NA
ZA7601,7601,Eurobarometer 92.3,Nov-Dec,2019,qa4c.18,qa4c.18,IMPORTANT ISSUES PERS: DK (TCC),,NA,0 = Not mentioned 1 = DK 8 = Inap. (SPLIT B - 2 in split) 9 = Inap. (not CY-TCC in isocntry),NA,NA,NA,X,,,standard,NA
ZA7601,7601,Eurobarometer 92.3,Nov-Dec,2019,qa4d.1,qa4d.1,IMPORTANT ISSUES PERS: CRIME (TCC),,NA,0 = Not mentioned 1 = Crime 8 = Inap. (SPLIT A - 1 in split) 9 = Inap. (not CY-TCC in isocntry),NA,NA,NA,X,,,standard,NA
ZA7601,7601,Eurobarometer 92.3,Nov-Dec,2019,qa4d.2,qa4d.2,IMPORTANT ISSUES PERS: ECONOMIC SITUATION (TCC),,NA,0 = Not mentioned 1 = The economic situation in our Community 8 = Inap. (SPLIT A - 1 in split) 9 = Inap. (not CY-TCC in isocntry),NA,NA,NA,X,,,standard,NA
ZA7601,7601,Eurobarometer 92.3,Nov-Dec,2019,qa4d.3,qa4d.3,IMPORTANT ISSUES PERS: RISING PRICES/INFLATION (TCC),,NA,0 = Not mentioned 1 = Rising prices / inflation / cost of living 8 = Inap. (SPLIT A - 1 in split) 9 = Inap. (not CY-TCC in isocntry),NA,NA,NA,X,,,standard,NA
ZA7601,7601,Eurobarometer 92.3,Nov-Dec,2019,qa4d.4,qa4d.4,IMPORTANT ISSUES PERS: TAXATION (TCC),,NA,0 = Not mentioned 1 = Taxation 8 = Inap. (SPLIT A - 1 in split) 9 = Inap. (not CY-TCC in isocntry),NA,NA,NA,X,,,standard,NA
ZA7601,7601,Eurobarometer 92.3,Nov-Dec,2019,qa4d.5,qa4d.5,IMPORTANT ISSUES PERS: UNEMPLOYMENT (TCC),,NA,0 = Not mentioned 1 = Unemployment 8 = Inap. (SPLIT A - 1 in split) 9 = Inap. (not CY-TCC in isocntry),NA,NA,NA,X,,,standard,NA
ZA7601,7601,Eurobarometer 92.3,Nov-Dec,2019,qa4d.6,qa4d.6,IMPORTANT ISSUES PERS: TERRORISM (TCC),,NA,0 = Not mentioned 1 = Terrorism 8 = Inap. (SPLIT A - 1 in split) 9 = Inap. (not CY-TCC in isocntry),NA,NA,NA,X,,,standard,NA
ZA7601,7601,Eurobarometer 92.3,Nov-Dec,2019,qa4d.7,qa4d.7,IMPORTANT ISSUES PERS: CYPRUS ISSUE (TCC),,NA,0 = Not mentioned 1 = Cyprus issue 8 = Inap. (SPLIT A - 1 in split) 9 = Inap. (not CY-TCC in isocntry),NA,NA,NA,X,,,standard,NA
ZA7601,7601,Eurobarometer 92.3,Nov-Dec,2019,qa4d.8,qa4d.8,IMPORTANT ISSUES PERS: HOUSING (TCC),,NA,0 = Not mentioned 1 = Housing 8 = Inap. (SPLIT A - 1 in split) 9 = Inap. (not CY-TCC in isocntry),NA,NA,NA,X,,,standard,NA
ZA7601,7601,Eurobarometer 92.3,Nov-Dec,2019,qa4d.9,qa4d.9,IMPORTANT ISSUES PERS: FINANCIAL SIT HH (TCC),,NA,0 = Not mentioned 1 = The financial situation of your household 8 = Inap. (SPLIT A - 1 in split) 9 = Inap. (not CY-TCC in isocntry),NA,NA,NA,X,,,standard,NA
ZA7601,7601,Eurobarometer 92.3,Nov-Dec,2019,qa4d.10,qa4d.10,IMPORTANT ISSUES PERS: IMMIGRATION (TCC),,NA,0 = Not mentioned 1 = Immigration 8 = Inap. (SPLIT A - 1 in split) 9 = Inap. (not CY-TCC in isocntry),NA,NA,NA,X,,,standard,NA
ZA7601,7601,Eurobarometer 92.3,Nov-Dec,2019,qa4d.11,qa4d.11,IMPORTANT ISSUES PERS: HEALTH & SOC SECURITY (TCC),,NA,0 = Not mentioned 1 = Health and social security 8 = Inap. (SPLIT A - 1 in split) 9 = Inap. (not CY-TCC in isocntry),NA,NA,NA,X,,,standard,NA
ZA7601,7601,Eurobarometer 92.3,Nov-Dec,2019,qa4d.12,qa4d.12,IMPORTANT ISSUES PERS: EDUCATION SYSTEM (TCC),,NA,0 = Not mentioned 1 = The education system 8 = Inap. (SPLIT A - 1 in split) 9 = Inap. (not CY-TCC in isocntry),NA,NA,NA,X,,,standard,NA
ZA7601,7601,Eurobarometer 92.3,Nov-Dec,2019,qa4d.13,qa4d.13,IMPORTANT ISSUES PERS: THE ENVIRONMENT & CLIMATE CHANGE (TCC),,NA,0 = Not mentioned 1 = The environment and climate change 8 = Inap. (SPLIT A - 1 in split) 9 = Inap. (not CY-TCC in isocntry),NA,NA,NA,X,,,standard,NA
ZA7601,7601,Eurobarometer 92.3,Nov-Dec,2019,qa4d.14,qa4d.14,IMPORTANT ISSUES PERS: WORKING CONDITIONS (TCC),,NA,0 = Not mentioned 1 = Working conditions 8 = Inap. (SPLIT A - 1 in split) 9 = Inap. (not CY-TCC in isocntry),NA,NA,NA,X,,,standard,NA
ZA7601,7601,Eurobarometer 92.3,Nov-Dec,2019,qa4d.15,qa4d.15,IMPORTANT ISSUES PERS: LIVING CONDITIONS (TCC),,NA,0 = Not mentioned 1 = Living conditions 8 = Inap. (SPLIT A - 1 in split) 9 = Inap. (not CY-TCC in isocntry),NA,NA,NA,X,,,standard,NA
ZA7601,7601,Eurobarometer 92.3,Nov-Dec,2019,qa4d.16,qa4d.16,IMPORTANT ISSUES PERS: OTHER (SPONT) (TCC),,NA,0 = Not mentioned 1 = Other (SPONTANEOUS) 8 = Inap. (SPLIT A - 1 in split) 9 = Inap. (not CY-TCC in isocntry),NA,NA,NA,X,,,standard,NA
ZA7601,7601,Eurobarometer 92.3,Nov-Dec,2019,qa4d.17,qa4d.17,IMPORTANT ISSUES PERS: NONE (SPONT) (TCC),,NA,0 = Not mentioned 1 = None (SPONTANEOUS) 8 = Inap. (SPLIT A - 1 in split) 9 = Inap. (not CY-TCC in isocntry),NA,NA,NA,X,,,standard,NA
ZA7601,7601,Eurobarometer 92.3,Nov-Dec,2019,qa4d.18,qa4d.18,IMPORTANT ISSUES PERS: DK (TCC),,NA,0 = Not mentioned 1 = DK 8 = Inap. (SPLIT A - 1 in split) 9 = Inap. (not CY-TCC in isocntry),NA,NA,NA,X,,,standard,NA
ZA7601,7601,Eurobarometer 92.3,Nov-Dec,2019,qa5a.1,qa5a.1,IMPORTANT ISSUES EU: CRIME,,NA,0 = Not mentioned 1 = Crime 8 = Inap. (SPLIT B - 2 in split) 9 = Inap. (not 1 in eu28),NA,NA,NA,X,,,standard,NA
ZA7601,7601,Eurobarometer 92.3,Nov-Dec,2019,qa5a.2,qa5a.2,IMPORTANT ISSUES EU: ECONOMIC SITUATION,,NA,0 = Not mentioned 1 = Economic situation 8 = Inap. (SPLIT B - 2 in split) 9 = Inap. (not 1 in eu28),NA,NA,NA,X,,,standard,NA
ZA7601,7601,Eurobarometer 92.3,Nov-Dec,2019,qa5a.3,qa5a.3,IMPORTANT ISSUES EU: RISING PRICES/INFLATION,,NA,0 = Not mentioned 1 = Rising prices/inflation/cost of living 8 = Inap. (SPLIT B - 2 in split) 9 = Inap. (not 1 in eu28),NA,NA,NA,X,,,standard,NA
ZA7601,7601,Eurobarometer 92.3,Nov-Dec,2019,qa5a.4,qa5a.4,IMPORTANT ISSUES EU: TAXATION,,NA,0 = Not mentioned 1 = Taxation 8 = Inap. (SPLIT B - 2 in split) 9 = Inap. (not 1 in eu28),NA,NA,NA,X,,,standard,NA
ZA7601,7601,Eurobarometer 92.3,Nov-Dec,2019,qa5a.5,qa5a.5,IMPORTANT ISSUES EU: UNEMPLOYMENT,,NA,0 = Not mentioned 1 = Unemployment 8 = Inap. (SPLIT B - 2 in split) 9 = Inap. (not 1 in eu28),NA,NA,NA,X,,,standard,NA
ZA7601,7601,Eurobarometer 92.3,Nov-Dec,2019,qa5a.6,qa5a.6,IMPORTANT ISSUES EU: TERRORISM,,NA,0 = Not mentioned 1 = Terrorism 8 = Inap. (SPLIT B - 2 in split) 9 = Inap. (not 1 in eu28),NA,NA,NA,X,,,standard,NA
ZA7601,7601,Eurobarometer 92.3,Nov-Dec,2019,qa5a.7,qa5a.7,IMPORTANT ISSUES EU: INFLUENCE IN THE WORLD,,NA,0 = Not mentioned 1 = EU's influence in the world 8 = Inap. (SPLIT B - 2 in split) 9 = Inap. (not 1 in eu28),NA,NA,NA,X,,,standard,NA
ZA7601,7601,Eurobarometer 92.3,Nov-Dec,2019,qa5a.8,qa5a.8,IMPORTANT ISSUES EU: MEMBER FINANCES,,NA,0 = Not mentioned 1 = The state of Member States' public finances 8 = Inap. (SPLIT B - 2 in split) 9 = Inap. (not 1 in eu28),NA,NA,NA,X,,,standard,NA
ZA7601,7601,Eurobarometer 92.3,Nov-Dec,2019,qa5a.9,qa5a.9,IMPORTANT ISSUES EU: IMMIGRATION,,NA,0 = Not mentioned 1 = Immigration 8 = Inap. (SPLIT B - 2 in split) 9 = Inap. (not 1 in eu28),NA,NA,NA,X,,,standard,NA
ZA7601,7601,Eurobarometer 92.3,Nov-Dec,2019,qa5a.10,qa5a.10,IMPORTANT ISSUES EU: PENSIONS,,NA,0 = Not mentioned 1 = Pensions 8 = Inap. (SPLIT B - 2 in split) 9 = Inap. (not 1 in eu28),NA,NA,NA,X,,,standard,NA
ZA7601,7601,Eurobarometer 92.3,Nov-Dec,2019,qa5a.11,qa5a.11,IMPORTANT ISSUES EU: THE ENVIRONMENT,,NA,0 = Not mentioned 1 = The environment 8 = Inap. (SPLIT B - 2 in split) 9 = Inap. (not 1 in eu28),NA,NA,NA,X,,,standard,NA
ZA7601,7601,Eurobarometer 92.3,Nov-Dec,2019,qa5a.12,qa5a.12,IMPORTANT ISSUES EU: CLIMATE CHANGE,,NA,0 = Not mentioned 1 = Climate change 8 = Inap. (SPLIT B - 2 in split) 9 = Inap. (not 1 in eu28),NA,NA,NA,X,,,standard,NA
ZA7601,7601,Eurobarometer 92.3,Nov-Dec,2019,qa5a.13,qa5a.13,IMPORTANT ISSUES EU: ENERGY SUPPLY,,NA,0 = Not mentioned 1 = Energy supply 8 = Inap. (SPLIT B - 2 in split) 9 = Inap. (not 1 in eu28),NA,NA,NA,X,,,standard,NA
ZA7601,7601,Eurobarometer 92.3,Nov-Dec,2019,qa5a.14,qa5a.14,IMPORTANT ISSUES EU: OTHER (SPONT),,NA,0 = Not mentioned 1 = Other (SPONTANEOUS) 8 = Inap. (SPLIT B - 2 in split) 9 = Inap. (not 1 in eu28),NA,NA,NA,X,,,standard,NA
ZA7601,7601,Eurobarometer 92.3,Nov-Dec,2019,qa5a.15,qa5a.15,IMPORTANT ISSUES EU: NONE (SPONT),,NA,0 = Not mentioned 1 = None (SPONTANEOUS) 8 = Inap. (SPLIT B - 2 in split) 9 = Inap. (not 1 in eu28),NA,NA,NA,X,,,standard,NA
ZA7601,7601,Eurobarometer 92.3,Nov-Dec,2019,qa5a.16,qa5a.16,IMPORTANT ISSUES EU: DK,,NA,0 = Not mentioned 1 = DK 8 = Inap. (SPLIT B - 2 in split) 9 = Inap. (not 1 in eu28),NA,NA,NA,X,,,standard,NA
ZA7601,7601,Eurobarometer 92.3,Nov-Dec,2019,qa5a_t,qa5a_t,IMPORTANT ISSUES CNTRY: THE ENVIRONMENT/CLIMATE CHANGE (QA5A.11+QA5A.12),,NA,0 = Not mentioned 1 = The environment and climate change 8 = Inap. (SPLIT B - 2 in split) 9 = Inap. (not 1 in eu28),NA,NA,NA,X,,,standard,NA
ZA7601,7601,Eurobarometer 92.3,Nov-Dec,2019,qa5b.1,qa5b.1,IMPORTANT ISSUES EU: CRIME,,NA,0 = Not mentioned 1 = Crime 8 = Inap. (SPLIT A - 1 in split) 9 = Inap. (not 1 in eu28),NA,NA,NA,X,,,standard,NA
ZA7601,7601,Eurobarometer 92.3,Nov-Dec,2019,qa5b.2,qa5b.2,IMPORTANT ISSUES EU: ECONOMIC SITUATION,,NA,0 = Not mentioned 1 = Economic situation 8 = Inap. (SPLIT A - 1 in split) 9 = Inap. (not 1 in eu28),NA,NA,NA,X,,,standard,NA
ZA7601,7601,Eurobarometer 92.3,Nov-Dec,2019,qa5b.3,qa5b.3,IMPORTANT ISSUES EU: RISING PRICES/INFLATION,,NA,0 = Not mentioned 1 = Rising prices/inflation/cost of living 8 = Inap. (SPLIT A - 1 in split) 9 = Inap. (not 1 in eu28),NA,NA,NA,X,,,standard,NA
ZA7601,7601,Eurobarometer 92.3,Nov-Dec,2019,qa5b.4,qa5b.4,IMPORTANT ISSUES EU: TAXATION,,NA,0 = Not mentioned 1 = Taxation 8 = Inap. (SPLIT A - 1 in split) 9 = Inap. (not 1 in eu28),NA,NA,NA,X,,,standard,NA
ZA7601,7601,Eurobarometer 92.3,Nov-Dec,2019,qa5b.5,qa5b.5,IMPORTANT ISSUES EU: UNEMPLOYMENT,,NA,0 = Not mentioned 1 = Unemployment 8 = Inap. (SPLIT A - 1 in split) 9 = Inap. (not 1 in eu28),NA,NA,NA,X,,,standard,NA
ZA7601,7601,Eurobarometer 92.3,Nov-Dec,2019,qa5b.6,qa5b.6,IMPORTANT ISSUES EU: TERRORISM,,NA,0 = Not mentioned 1 = Terrorism 8 = Inap. (SPLIT A - 1 in split) 9 = Inap. (not 1 in eu28),NA,NA,NA,X,,,standard,NA
ZA7601,7601,Eurobarometer 92.3,Nov-Dec,2019,qa5b.7,qa5b.7,IMPORTANT ISSUES EU: INFLUENCE IN THE WORLD,,NA,0 = Not mentioned 1 = EU's influence in the world 8 = Inap. (SPLIT A - 1 in split) 9 = Inap. (not 1 in eu28),NA,NA,NA,X,,,standard,NA
ZA7601,7601,Eurobarometer 92.3,Nov-Dec,2019,qa5b.8,qa5b.8,IMPORTANT ISSUES EU: MEMBER FINANCES,,NA,0 = Not mentioned 1 = The state of Member States' public finances 8 = Inap. (SPLIT A - 1 in split) 9 = Inap. (not 1 in eu28),NA,NA,NA,X,,,standard,NA
ZA7601,7601,Eurobarometer 92.3,Nov-Dec,2019,qa5b.9,qa5b.9,IMPORTANT ISSUES EU: IMMIGRATION,,NA,0 = Not mentioned 1 = Immigration 8 = Inap. (SPLIT A - 1 in split) 9 = Inap. (not 1 in eu28),NA,NA,NA,X,,,standard,NA
ZA7601,7601,Eurobarometer 92.3,Nov-Dec,2019,qa5b.10,qa5b.10,IMPORTANT ISSUES EU: PENSIONS,,NA,0 = Not mentioned 1 = Pensions 8 = Inap. (SPLIT A - 1 in split) 9 = Inap. (not 1 in eu28),NA,NA,NA,X,,,standard,NA
ZA7601,7601,Eurobarometer 92.3,Nov-Dec,2019,qa5b.11,qa5b.11,IMPORTANT ISSUES EU: THE ENVIRONMENT/CLIMATE CHANGE,,NA,0 = Not mentioned 1 = The environment and climate change 8 = Inap. (SPLIT A - 1 in split) 9 = Inap. (not 1 in eu28),NA,NA,NA,X,,,standard,NA
ZA7601,7601,Eurobarometer 92.3,Nov-Dec,2019,qa5b.12,qa5b.12,IMPORTANT ISSUES EU: ENERGY SUPPLY,,NA,0 = Not mentioned 1 = Energy supply 8 = Inap. (SPLIT A - 1 in split) 9 = Inap. (not 1 in eu28),NA,NA,NA,X,,,standard,NA
ZA7601,7601,Eurobarometer 92.3,Nov-Dec,2019,qa5b.13,qa5b.13,IMPORTANT ISSUES EU: OTHER (SPONT),,NA,0 = Not mentioned 1 = Other (SPONTANEOUS) 8 = Inap. (SPLIT A - 1 in split) 9 = Inap. (not 1 in eu28),NA,NA,NA,X,,,standard,NA
ZA7601,7601,Eurobarometer 92.3,Nov-Dec,2019,qa5b.14,qa5b.14,IMPORTANT ISSUES EU: NONE (SPONT),,NA,0 = Not mentioned 1 = None (SPONTANEOUS) 8 = Inap. (SPLIT A - 1 in split) 9 = Inap. (not 1 in eu28),NA,NA,NA,X,,,standard,NA
ZA7601,7601,Eurobarometer 92.3,Nov-Dec,2019,qa5b.15,qa5b.15,IMPORTANT ISSUES EU: DK,,NA,0 = Not mentioned 1 = DK 8 = Inap. (SPLIT A - 1 in split) 9 = Inap. (not 1 in eu28),NA,NA,NA,X,,,standard,NA
ZA7649,7649,Eurobarometer 93.1,July-Aug,2020,isocntry,isocntry,COUNTRY CODE - ISO 3166,,isocntry, = SE  = IE  = LU  = FI  = DE-W  = NL  = CZ  = BE  = DK  = RS  = MK  = BG  = MT  = SK  = GR  = LT  = PT  = IT  = AL  = ME  = RO  = FR  = LV  = AT  = PL  = CY  = HR  = TR  = HU  = SI  = ES  = DE-E  = EE  = GB  = CY-TCC,NA,NA,NA,X,,,standard,NA
ZA7649,7649,Eurobarometer 93.1,July-Aug,2020,qa3a.1,qa3a.1,IMPORTANT ISSUES CNTRY: CRIME,,NA,0 = Not mentioned 1 =  Crime 9 = DK/NA [not documented] or inap. (CY-TCC in isocntry),NA,NA,NA,X,,,standard,NA
ZA7649,7649,Eurobarometer 93.1,July-Aug,2020,qa3a.2,qa3a.2,IMPORTANT ISSUES CNTRY: ECONOMIC SITUATION,,NA,0 = Not mentioned 1 =  Economic situation 9 = DK/NA [not documented] or inap. (CY-TCC in isocntry),NA,NA,NA,X,,,standard,NA
ZA7649,7649,Eurobarometer 93.1,July-Aug,2020,qa3a.3,qa3a.3,IMPORTANT ISSUES CNTRY: RISING PRICES/INFLATION,,NA,0 = Not mentioned 1 =  Rising prices/ inflation/ cost of living 9 = DK/NA [not documented] or inap. (CY-TCC in isocntry),NA,NA,NA,X,,,standard,NA
ZA7649,7649,Eurobarometer 93.1,July-Aug,2020,qa3a.4,qa3a.4,IMPORTANT ISSUES CNTRY: TAXATION,,NA,0 = Not mentioned 1 =  Taxation 9 = DK/NA [not documented] or inap. (CY-TCC in isocntry),NA,NA,NA,X,,,standard,NA
ZA7649,7649,Eurobarometer 93.1,July-Aug,2020,qa3a.5,qa3a.5,IMPORTANT ISSUES CNTRY: UNEMPLOYMENT,,NA,0 = Not mentioned 1 =  Unemployment 9 = DK/NA [not documented] or inap. (CY-TCC in isocntry),NA,NA,NA,X,,,standard,NA
ZA7649,7649,Eurobarometer 93.1,July-Aug,2020,qa3a.6,qa3a.6,IMPORTANT ISSUES CNTRY: TERRORISM,,NA,0 = Not mentioned 1 =  Terrorism 9 = DK/NA [not documented] or inap. (CY-TCC in isocntry),NA,NA,NA,X,,,standard,NA
ZA7649,7649,Eurobarometer 93.1,July-Aug,2020,qa3a.7,qa3a.7,IMPORTANT ISSUES CNTRY: HOUSING,,NA,0 = Not mentioned 1 =  Housing 9 = DK/NA [not documented] or inap. (CY-TCC in isocntry),NA,NA,NA,X,,,standard,NA
ZA7649,7649,Eurobarometer 93.1,July-Aug,2020,qa3a.8,qa3a.8,IMPORTANT ISSUES CNTRY: GOVERNMENT DEBT,,NA,0 = Not mentioned 1 =  Government debt 9 = DK/NA [not documented] or inap. (CY-TCC in isocntry),NA,NA,NA,X,,,standard,NA
ZA7649,7649,Eurobarometer 93.1,July-Aug,2020,qa3a.9,qa3a.9,IMPORTANT ISSUES CNTRY: IMMIGRATION,,NA,0 = Not mentioned 1 =  Immigration 9 = DK/NA [not documented] or inap. (CY-TCC in isocntry),NA,NA,NA,X,,,standard,NA
ZA7649,7649,Eurobarometer 93.1,July-Aug,2020,qa3a.10,qa3a.10,IMPORTANT ISSUES CNTRY: HEALTH,,NA,0 = Not mentioned 1 = Health 9 = DK/NA [not documented] or inap. (CY-TCC in isocntry),NA,NA,NA,X,,,standard,NA
ZA7649,7649,Eurobarometer 93.1,July-Aug,2020,qa3a.11,qa3a.11,IMPORTANT ISSUES CNTRY: EDUCATION SYSTEM,,NA,0 = Not mentioned 1 =  The education system 9 = DK/NA [not documented] or inap. (CY-TCC in isocntry),NA,NA,NA,X,,,standard,NA
ZA7649,7649,Eurobarometer 93.1,July-Aug,2020,qa3a.12,qa3a.12,IMPORTANT ISSUES CNTRY: PENSIONS,,NA,0 = Not mentioned 1 =  Pensions 9 = DK/NA [not documented] or inap. (CY-TCC in isocntry),NA,NA,NA,X,,,standard,NA
ZA7649,7649,Eurobarometer 93.1,July-Aug,2020,qa3a.13,qa3a.13,IMPORTANT ISSUES CNTRY: THE ENVIRONMENT & CLIMATE CHANGE,,NA,0 = Not mentioned 1 =  The environment and climate change 9 = DK/NA [not documented] or inap. (CY-TCC in isocntry),NA,NA,NA,X,,,standard,NA
ZA7649,7649,Eurobarometer 93.1,July-Aug,2020,qa3a.14,qa3a.14,IMPORTANT ISSUES CNTRY: ENERGY SUPPLY,,NA,0 = Not mentioned 1 =  Energy supply 9 = DK/NA [not documented] or inap. (CY-TCC in isocntry),NA,NA,NA,X,,,standard,NA
ZA7649,7649,Eurobarometer 93.1,July-Aug,2020,qa3a.15,qa3a.15,IMPORTANT ISSUES CNTRY: OTHER (SPONT),,NA,0 = Not mentioned 1 =  Other (SPONTANEOUS) 9 = DK/NA [not documented] or inap. (CY-TCC in isocntry),NA,NA,NA,X,,,standard,NA
ZA7649,7649,Eurobarometer 93.1,July-Aug,2020,qa3a.16,qa3a.16,IMPORTANT ISSUES CNTRY: NONE (SPONT),,NA,0 = Not mentioned 1 =  None (SPONTANEOUS) 9 = DK/NA [not documented] or inap. (CY-TCC in isocntry),NA,NA,NA,X,,,standard,NA
ZA7649,7649,Eurobarometer 93.1,July-Aug,2020,qa3a.17,qa3a.17,IMPORTANT ISSUES CNTRY: DK,,NA,0 = Not mentioned 1 =  Don't know 9 = DK/NA [not documented] or inap. (CY-TCC in isocntry),NA,NA,NA,X,,,standard,NA
ZA7649,7649,Eurobarometer 93.1,July-Aug,2020,qa3b.1,qa3b.1,IMPORTANT ISSUES CNTRY: CRIME (TCC),,NA,0 = Not mentioned 1 =  Crime 9 = Inap. (not CY-TCC in isocntry),NA,NA,NA,X,,,standard,NA
ZA7649,7649,Eurobarometer 93.1,July-Aug,2020,qa3b.2,qa3b.2,IMPORTANT ISSUES CNTRY: ECONOMIC SITUATION (TCC),,NA,0 = Not mentioned 1 =  Economic situation 9 = Inap. (not CY-TCC in isocntry),NA,NA,NA,X,,,standard,NA
ZA7649,7649,Eurobarometer 93.1,July-Aug,2020,qa3b.3,qa3b.3,IMPORTANT ISSUES CNTRY: RISING PRICES/INFLATION (TCC),,NA,0 = Not mentioned 1 =  Rising prices/ inflation/ cost of living 9 = Inap. (not CY-TCC in isocntry),NA,NA,NA,X,,,standard,NA
ZA7649,7649,Eurobarometer 93.1,July-Aug,2020,qa3b.4,qa3b.4,IMPORTANT ISSUES CNTRY: TAXATION (TCC),,NA,0 = Not mentioned 1 =  Taxation 9 = Inap. (not CY-TCC in isocntry),NA,NA,NA,X,,,standard,NA
ZA7649,7649,Eurobarometer 93.1,July-Aug,2020,qa3b.5,qa3b.5,IMPORTANT ISSUES CNTRY: UNEMPLOYMENT (TCC),,NA,0 = Not mentioned 1 =  Unemployment 9 = Inap. (not CY-TCC in isocntry),NA,NA,NA,X,,,standard,NA
ZA7649,7649,Eurobarometer 93.1,July-Aug,2020,qa3b.6,qa3b.6,IMPORTANT ISSUES CNTRY: TERRORISM (TCC),,NA,0 = Not mentioned 1 =  Terrorism 9 = Inap. (not CY-TCC in isocntry),NA,NA,NA,X,,,standard,NA
ZA7649,7649,Eurobarometer 93.1,July-Aug,2020,qa3b.7,qa3b.7,IMPORTANT ISSUES CNTRY: HOUSING (TCC),,NA,0 = Not mentioned 1 =  Housing 9 = Inap. (not CY-TCC in isocntry),NA,NA,NA,X,,,standard,NA
ZA7649,7649,Eurobarometer 93.1,July-Aug,2020,qa3b.8,qa3b.8,IMPORTANT ISSUES CNTRY: CYPRUS ISSUE (TCC),,NA,0 = Not mentioned 1 =  Cyprus issue 9 = Inap. (not CY-TCC in isocntry),NA,NA,NA,X,,,standard,NA
ZA7649,7649,Eurobarometer 93.1,July-Aug,2020,qa3b.9,qa3b.9,IMPORTANT ISSUES CNTRY: IMMIGRATION (TCC),,NA,0 = Not mentioned 1 =  Immigration 9 = Inap. (not CY-TCC in isocntry),NA,NA,NA,X,,,standard,NA
ZA7649,7649,Eurobarometer 93.1,July-Aug,2020,qa3b.10,qa3b.10,IMPORTANT ISSUES CNTRY: HEALTH (TCC),,NA,0 = Not mentioned 1 = Health 9 = Inap. (not CY-TCC in isocntry),NA,NA,NA,X,,,standard,NA
ZA7649,7649,Eurobarometer 93.1,July-Aug,2020,qa3b.11,qa3b.11,IMPORTANT ISSUES CNTRY: EDUCATION SYSTEM (TCC),,NA,0 = Not mentioned 1 =  The education system 9 = Inap. (not CY-TCC in isocntry),NA,NA,NA,X,,,standard,NA
ZA7649,7649,Eurobarometer 93.1,July-Aug,2020,qa3b.12,qa3b.12,IMPORTANT ISSUES CNTRY: PENSIONS (TCC),,NA,0 = Not mentioned 1 =  Pensions 9 = Inap. (not CY-TCC in isocntry),NA,NA,NA,X,,,standard,NA
ZA7649,7649,Eurobarometer 93.1,July-Aug,2020,qa3b.13,qa3b.13,IMPORTANT ISSUES CNTRY: THE ENVIRONMENT & CLIMATE CHANGE (TCC),,NA,0 = Not mentioned 1 =  The environment and climate change 9 = Inap. (not CY-TCC in isocntry),NA,NA,NA,X,,,standard,NA
ZA7649,7649,Eurobarometer 93.1,July-Aug,2020,qa3b.14,qa3b.14,IMPORTANT ISSUES CNTRY: ENERGY SUPPLY (TCC),,NA,0 = Not mentioned 1 =  Energy supply 9 = Inap. (not CY-TCC in isocntry),NA,NA,NA,X,,,standard,NA
ZA7649,7649,Eurobarometer 93.1,July-Aug,2020,qa3b.15,qa3b.15,IMPORTANT ISSUES CNTRY: OTHER (SPONT) (TCC),,NA,0 = Not mentioned 1 =  Other (SPONTANEOUS) 9 = Inap. (not CY-TCC in isocntry),NA,NA,NA,X,,,standard,NA
ZA7649,7649,Eurobarometer 93.1,July-Aug,2020,qa3b.16,qa3b.16,IMPORTANT ISSUES CNTRY: NONE (SPONT) (TCC),,NA,0 = Not mentioned 1 =  None (SPONTANEOUS) 9 = Inap. (not CY-TCC in isocntry),NA,NA,NA,X,,,standard,NA
ZA7649,7649,Eurobarometer 93.1,July-Aug,2020,qa3b.17,qa3b.17,IMPORTANT ISSUES CNTRY: DK (TCC),,NA,0 = Not mentioned 1 =  Don't know 9 = Inap. (not CY-TCC in isocntry),NA,NA,NA,X,,,standard,NA
ZA7649,7649,Eurobarometer 93.1,July-Aug,2020,qa4a.1,qa4a.1,IMPORTANT ISSUES PERS: CRIME,,NA,0 = Not mentioned 1 =  Crime 9 = DK/NA [not documented] or inap. (CY-TCC in isocntry),NA,NA,NA,X,,,standard,NA
ZA7649,7649,Eurobarometer 93.1,July-Aug,2020,qa4a.2,qa4a.2,IMPORTANT ISSUES PERS: ECONOMIC SITUATION,,NA,0 = Not mentioned 1 =  The economic situation in (OUR COUNTRY) 9 = DK/NA [not documented] or inap. (CY-TCC in isocntry),NA,NA,NA,X,,,standard,NA
ZA7649,7649,Eurobarometer 93.1,July-Aug,2020,qa4a.3,qa4a.3,IMPORTANT ISSUES PERS: RISING PRICES/INFLATION,,NA,0 = Not mentioned 1 =  Rising prices/ inflation/ cost of living 9 = DK/NA [not documented] or inap. (CY-TCC in isocntry),NA,NA,NA,X,,,standard,NA
ZA7649,7649,Eurobarometer 93.1,July-Aug,2020,qa4a.4,qa4a.4,IMPORTANT ISSUES PERS: TAXATION,,NA,0 = Not mentioned 1 =  Taxation 9 = DK/NA [not documented] or inap. (CY-TCC in isocntry),NA,NA,NA,X,,,standard,NA
ZA7649,7649,Eurobarometer 93.1,July-Aug,2020,qa4a.5,qa4a.5,IMPORTANT ISSUES PERS: UNEMPLOYMENT,,NA,0 = Not mentioned 1 =  Unemployment 9 = DK/NA [not documented] or inap. (CY-TCC in isocntry),NA,NA,NA,X,,,standard,NA
ZA7649,7649,Eurobarometer 93.1,July-Aug,2020,qa4a.6,qa4a.6,IMPORTANT ISSUES PERS: TERRORISM,,NA,0 = Not mentioned 1 =  Terrorism 9 = DK/NA [not documented] or inap. (CY-TCC in isocntry),NA,NA,NA,X,,,standard,NA
ZA7649,7649,Eurobarometer 93.1,July-Aug,2020,qa4a.7,qa4a.7,IMPORTANT ISSUES PERS: HOUSING,,NA,0 = Not mentioned 1 =  Housing 9 = DK/NA [not documented] or inap. (CY-TCC in isocntry),NA,NA,NA,X,,,standard,NA
ZA7649,7649,Eurobarometer 93.1,July-Aug,2020,qa4a.8,qa4a.8,IMPORTANT ISSUES PERS: FINANCIAL SIT HH,,NA,0 = Not mentioned 1 =  The financial situation of your household 9 = DK/NA [not documented] or inap. (CY-TCC in isocntry),NA,NA,NA,X,,,standard,NA
ZA7649,7649,Eurobarometer 93.1,July-Aug,2020,qa4a.9,qa4a.9,IMPORTANT ISSUES PERS: IMMIGRATION,,NA,0 = Not mentioned 1 =  Immigration 9 = DK/NA [not documented] or inap. (CY-TCC in isocntry),NA,NA,NA,X,,,standard,NA
ZA7649,7649,Eurobarometer 93.1,July-Aug,2020,qa4a.10,qa4a.10,IMPORTANT ISSUES PERS: HEALTH,,NA,0 = Not mentioned 1 = Health 9 = DK/NA [not documented] or inap. (CY-TCC in isocntry),NA,NA,NA,X,,,standard,NA
ZA7649,7649,Eurobarometer 93.1,July-Aug,2020,qa4a.11,qa4a.11,IMPORTANT ISSUES PERS: EDUCATION SYSTEM,,NA,0 = Not mentioned 1 =  The education system 9 = DK/NA [not documented] or inap. (CY-TCC in isocntry),NA,NA,NA,X,,,standard,NA
ZA7649,7649,Eurobarometer 93.1,July-Aug,2020,qa4a.12,qa4a.12,IMPORTANT ISSUES PERS: THE ENVIRONMENT & CLIMATE CHANGE,,NA,0 = Not mentioned 1 =  The environment and climate change 9 = DK/NA [not documented] or inap. (CY-TCC in isocntry),NA,NA,NA,X,,,standard,NA
ZA7649,7649,Eurobarometer 93.1,July-Aug,2020,qa4a.13,qa4a.13,IMPORTANT ISSUES PERS: PENSIONS,,NA,0 = Not mentioned 1 =  Pensions 9 = DK/NA [not documented] or inap. (CY-TCC in isocntry),NA,NA,NA,X,,,standard,NA
ZA7649,7649,Eurobarometer 93.1,July-Aug,2020,qa4a.14,qa4a.14,IMPORTANT ISSUES PERS: WORKING CONDITIONS,,NA,0 = Not mentioned 1 =  Working conditions 9 = DK/NA [not documented] or inap. (CY-TCC in isocntry),NA,NA,NA,X,,,standard,NA
ZA7649,7649,Eurobarometer 93.1,July-Aug,2020,qa4a.15,qa4a.15,IMPORTANT ISSUES PERS: LIVING CONDITIONS,,NA,0 = Not mentioned 1 =  Living conditions 9 = DK/NA [not documented] or inap. (CY-TCC in isocntry),NA,NA,NA,X,,,standard,NA
ZA7649,7649,Eurobarometer 93.1,July-Aug,2020,qa4a.16,qa4a.16,IMPORTANT ISSUES PERS: OTHER (SPONT),,NA,0 = Not mentioned 1 =  Other (SPONTANEOUS) 9 = DK/NA [not documented] or inap. (CY-TCC in isocntry),NA,NA,NA,X,,,standard,NA
ZA7649,7649,Eurobarometer 93.1,July-Aug,2020,qa4a.17,qa4a.17,IMPORTANT ISSUES PERS: NONE (SPONT),,NA,0 = Not mentioned 1 =  None (SPONTANEOUS) 9 = DK/NA [not documented] or inap. (CY-TCC in isocntry),NA,NA,NA,X,,,standard,NA
ZA7649,7649,Eurobarometer 93.1,July-Aug,2020,qa4a.18,qa4a.18,IMPORTANT ISSUES PERS: DK,,NA,0 = Not mentioned 1 =  Don't know 9 = DK/NA [not documented] or inap. (CY-TCC in isocntry),NA,NA,NA,X,,,standard,NA
ZA7649,7649,Eurobarometer 93.1,July-Aug,2020,qa4b.1,qa4b.1,IMPORTANT ISSUES PERS: CRIME (TCC),,NA,0 = Not mentioned 1 =  Crime 9 = DK/NA [not documented] or inap. (CY-TCC in isocntry),NA,NA,NA,X,,,standard,NA
ZA7649,7649,Eurobarometer 93.1,July-Aug,2020,qa4b.2,qa4b.2,IMPORTANT ISSUES PERS: ECONOMIC SITUATION (TCC),,NA,0 = Not mentioned 1 =  The economic situation in (OUR COUNTRY) 9 = DK/NA [not documented] or inap. (CY-TCC in isocntry),NA,NA,NA,X,,,standard,NA
ZA7649,7649,Eurobarometer 93.1,July-Aug,2020,qa4b.3,qa4b.3,IMPORTANT ISSUES PERS: RISING PRICES/INFLATION (TCC),,NA,0 = Not mentioned 1 =  Rising prices/ inflation/ cost of living 9 = DK/NA [not documented] or inap. (CY-TCC in isocntry),NA,NA,NA,X,,,standard,NA
ZA7649,7649,Eurobarometer 93.1,July-Aug,2020,qa4b.4,qa4b.4,IMPORTANT ISSUES PERS: TAXATION (TCC),,NA,0 = Not mentioned 1 =  Taxation 9 = DK/NA [not documented] or inap. (CY-TCC in isocntry),NA,NA,NA,X,,,standard,NA
ZA7649,7649,Eurobarometer 93.1,July-Aug,2020,qa4b.5,qa4b.5,IMPORTANT ISSUES PERS: UNEMPLOYMENT (TCC),,NA,0 = Not mentioned 1 =  Unemployment 9 = DK/NA [not documented] or inap. (CY-TCC in isocntry),NA,NA,NA,X,,,standard,NA
ZA7649,7649,Eurobarometer 93.1,July-Aug,2020,qa4b.6,qa4b.6,IMPORTANT ISSUES PERS: TERRORISM (TCC),,NA,0 = Not mentioned 1 = Terrorism (not coded) 9 = DK/NA [not documented] or inap. (CY-TCC in isocntry),NA,NA,NA,X,,,standard,NA
ZA7649,7649,Eurobarometer 93.1,July-Aug,2020,qa4b.7,qa4b.7,IMPORTANT ISSUES PERS: CYPRUS ISSUE (TCC),,NA,0 = Not mentioned 1 = Cyprus issue 9 = DK/NA [not documented] or inap. (CY-TCC in isocntry),NA,NA,NA,X,,,standard,NA
ZA7649,7649,Eurobarometer 93.1,July-Aug,2020,qa4b.8,qa4b.8,IMPORTANT ISSUES PERS: HOUSING (TCC),,NA,0 = Not mentioned 1 = Housing 9 = DK/NA [not documented] or inap. (CY-TCC in isocntry),NA,NA,NA,X,,,standard,NA
ZA7649,7649,Eurobarometer 93.1,July-Aug,2020,qa4b.9,qa4b.9,IMPORTANT ISSUES PERS: FINANCIAL SIT HH (TCC),,NA,0 = Not mentioned 1 = The financial situation of your household 9 = DK/NA [not documented] or inap. (CY-TCC in isocntry),NA,NA,NA,X,,,standard,NA
ZA7649,7649,Eurobarometer 93.1,July-Aug,2020,qa4b.10,qa4b.10,IMPORTANT ISSUES PERS: IMMIGRATION (TCC),,NA,0 = Not mentioned 1 = Immigration 9 = DK/NA [not documented] or inap. (CY-TCC in isocntry),NA,NA,NA,X,,,standard,NA
ZA7649,7649,Eurobarometer 93.1,July-Aug,2020,qa4b.11,qa4b.11,IMPORTANT ISSUES PERS: HEALTH (TCC),,NA,0 = Not mentioned 1 = Health 9 = DK/NA [not documented] or inap. (CY-TCC in isocntry),NA,NA,NA,X,,,standard,NA
ZA7649,7649,Eurobarometer 93.1,July-Aug,2020,qa4b.12,qa4b.12,IMPORTANT ISSUES PERS: EDUCATION SYSTEM (TCC),,NA,0 = Not mentioned 1 = The education system 9 = DK/NA [not documented] or inap. (CY-TCC in isocntry),NA,NA,NA,X,,,standard,NA
ZA7649,7649,Eurobarometer 93.1,July-Aug,2020,qa4b.13,qa4b.13,IMPORTANT ISSUES PERS: THE ENVIRONMENT & CLIMATE CHANGE (TCC),,NA,0 = Not mentioned 1 = The environment and climate change 9 = DK/NA [not documented] or inap. (CY-TCC in isocntry),NA,NA,NA,X,,,standard,NA
ZA7649,7649,Eurobarometer 93.1,July-Aug,2020,qa4b.14,qa4b.14,IMPORTANT ISSUES PERS: WORKING CONDITIONS (TCC),,NA,0 = Not mentioned 1 = Working conditions 9 = DK/NA [not documented] or inap. (CY-TCC in isocntry),NA,NA,NA,X,,,standard,NA
ZA7649,7649,Eurobarometer 93.1,July-Aug,2020,qa4b.15,qa4b.15,IMPORTANT ISSUES PERS: LIVING CONDITIONS (TCC),,NA,0 = Not mentioned 1 = Living conditions 9 = DK/NA [not documented] or inap. (CY-TCC in isocntry),NA,NA,NA,X,,,standard,NA
ZA7649,7649,Eurobarometer 93.1,July-Aug,2020,qa4b.16,qa4b.16,IMPORTANT ISSUES PERS: OTHER (SPONT) (TCC),,NA,0 = Not mentioned 1 =  Other (SPONTANEOUS) 9 = DK/NA [not documented] or inap. (CY-TCC in isocntry),NA,NA,NA,X,,,standard,NA
ZA7649,7649,Eurobarometer 93.1,July-Aug,2020,qa4b.17,qa4b.17,IMPORTANT ISSUES PERS: NONE (SPONT) (TCC),,NA,0 = Not mentioned 1 =  None (SPONTANEOUS) 9 = DK/NA [not documented] or inap. (CY-TCC in isocntry),NA,NA,NA,X,,,standard,NA
ZA7649,7649,Eurobarometer 93.1,July-Aug,2020,qa4b.18,qa4b.18,IMPORTANT ISSUES PERS: DK (TCC),,NA,0 = Not mentioned 1 =  Don't know 9 = DK/NA [not documented] or inap. (CY-TCC in isocntry),NA,NA,NA,X,,,standard,NA
ZA7649,7649,Eurobarometer 93.1,July-Aug,2020,qa5.1,qa5.1,IMPORTANT ISSUES EU: CRIME,,NA,0 = Not mentioned 1 =  Crime 9 = DK/NA [not documented] or inap. (not 1 in eu27b),NA,NA,NA,X,,,standard,NA
ZA7649,7649,Eurobarometer 93.1,July-Aug,2020,qa5.2,qa5.2,IMPORTANT ISSUES EU: ECONOMIC SITUATION,,NA,0 = Not mentioned 1 =  Economic situation 9 = DK/NA [not documented] or inap. (not 1 in eu27b),NA,NA,NA,X,,,standard,NA
ZA7649,7649,Eurobarometer 93.1,July-Aug,2020,qa5.3,qa5.3,IMPORTANT ISSUES EU: RISING PRICES/INFLATION,,NA,0 = Not mentioned 1 =  Rising prices/ inflation/ cost of living 9 = DK/NA [not documented] or inap. (not 1 in eu27b),NA,NA,NA,X,,,standard,NA
ZA7649,7649,Eurobarometer 93.1,July-Aug,2020,qa5.4,qa5.4,IMPORTANT ISSUES EU: TAXATION,,NA,0 = Not mentioned 1 =  Taxation 9 = DK/NA [not documented] or inap. (not 1 in eu27b),NA,NA,NA,X,,,standard,NA
ZA7649,7649,Eurobarometer 93.1,July-Aug,2020,qa5.5,qa5.5,IMPORTANT ISSUES EU: UNEMPLOYMENT,,NA,0 = Not mentioned 1 =  Unemployment 9 = DK/NA [not documented] or inap. (not 1 in eu27b),NA,NA,NA,X,,,standard,NA
ZA7649,7649,Eurobarometer 93.1,July-Aug,2020,qa5.6,qa5.6,IMPORTANT ISSUES EU: TERRORISM,,NA,0 = Not mentioned 1 =  Terrorism 9 = DK/NA [not documented] or inap. (not 1 in eu27b),NA,NA,NA,X,,,standard,NA
ZA7649,7649,Eurobarometer 93.1,July-Aug,2020,qa5.7,qa5.7,IMPORTANT ISSUES EU: INFLUENCE IN THE WORLD,,NA,0 = Not mentioned 1 =  EU's influence in the world 9 = DK/NA [not documented] or inap. (not 1 in eu27b),NA,NA,NA,X,,,standard,NA
ZA7649,7649,Eurobarometer 93.1,July-Aug,2020,qa5.8,qa5.8,IMPORTANT ISSUES EU: MEMBER FINANCES,,NA,0 = Not mentioned 1 =  The state of Member States public finances 9 = DK/NA [not documented] or inap. (not 1 in eu27b),NA,NA,NA,X,,,standard,NA
ZA7649,7649,Eurobarometer 93.1,July-Aug,2020,qa5.9,qa5.9,IMPORTANT ISSUES EU: IMMIGRATION,,NA,0 = Not mentioned 1 =  Immigration 9 = DK/NA [not documented] or inap. (not 1 in eu27b),NA,NA,NA,X,,,standard,NA
ZA7649,7649,Eurobarometer 93.1,July-Aug,2020,qa5.10,qa5.10,IMPORTANT ISSUES EU: PENSIONS,,NA,0 = Not mentioned 1 =  Pensions 9 = DK/NA [not documented] or inap. (not 1 in eu27b),NA,NA,NA,X,,,standard,NA
ZA7649,7649,Eurobarometer 93.1,July-Aug,2020,qa5.11,qa5.11,IMPORTANT ISSUES EU: THE ENVIRONMENT & CLIMATE CHANGE,,NA,0 = Not mentioned 1 =  The environment and climate change 9 = DK/NA [not documented] or inap. (not 1 in eu27b),NA,NA,NA,X,,,standard,NA
ZA7649,7649,Eurobarometer 93.1,July-Aug,2020,qa5.12,qa5.12,IMPORTANT ISSUES EU: ENERGY SUPPLY,,NA,0 = Not mentioned 1 =  Energy supply 9 = DK/NA [not documented] or inap. (not 1 in eu27b),NA,NA,NA,X,,,standard,NA
ZA7649,7649,Eurobarometer 93.1,July-Aug,2020,qa5.13,qa5.13,IMPORTANT ISSUES EU: HEALTH,,NA,0 = Not mentioned 1 = Health 9 = DK/NA [not documented] or inap. (not 1 in eu27b),NA,NA,NA,X,,,standard,NA
ZA7649,7649,Eurobarometer 93.1,July-Aug,2020,qa5.14,qa5.14,IMPORTANT ISSUES EU: OTHER (SPONT),,NA,0 = Not mentioned 1 =  Other (SPONTANEOUS) 9 = DK/NA [not documented] or inap. (not 1 in eu27b),NA,NA,NA,X,,,standard,NA
ZA7649,7649,Eurobarometer 93.1,July-Aug,2020,qa5.15,qa5.15,IMPORTANT ISSUES EU: NONE (SPONT),,NA,0 = Not mentioned 1 =  None (SPONTANEOUS) 9 = DK/NA [not documented] or inap. (not 1 in eu27b),NA,NA,NA,X,,,standard,NA
ZA7649,7649,Eurobarometer 93.1,July-Aug,2020,qa5.16,qa5.16,IMPORTANT ISSUES EU: DK,,NA,0 = Not mentioned 1 =  Don't know 9 = DK/NA [not documented] or inap. (not 1 in eu27b),NA,NA,NA,X,,,standard,NA
ZA7780,7780,Eurobarometer 94.3,Feb-March,2021,isocntry,isocntry,COUNTRY CODE - ISO 3166,,isocntry, = LT  = LV  = CH  = LU  = BE  = SE  = SI  = FI  = IE  = SK  = EE  = CZ  = NL  = GR  = DK  = MT  = PT  = IS  = NO  = AL  = AT  = BA  = BG  = DE-E  = DE-W  = ES  = FR  = HR  = HU  = IT  = ME  = MK  = PL  = RO  = RS  = TR  = CY-TCC  = CY  = RS-KM  = GB,NA,NA,NA,X,,,standard,NA
ZA7780,7780,Eurobarometer 94.3,Feb-March,2021,qa3a.1,qa3a.1,IMPORTANT ISSUES CNTRY: CRIME,,NA,0 = Not mentioned 1 = Crime 8 = NA [NOT DOCUMENTED],NA,NA,NA,X,,,standard,NA
ZA7780,7780,Eurobarometer 94.3,Feb-March,2021,qa3a.2,qa3a.2,IMPORTANT ISSUES CNTRY: ECONOMIC SITUATION,,NA,0 = Not mentioned 1 = Economic situation 8 = NA [NOT DOCUMENTED],NA,NA,NA,X,,,standard,NA
ZA7780,7780,Eurobarometer 94.3,Feb-March,2021,qa3a.3,qa3a.3,IMPORTANT ISSUES CNTRY: RISING PRICES/INFLATION,,NA,0 = Not mentioned 1 = Rising prices/ inflation/ cost of living 8 = NA [NOT DOCUMENTED],NA,NA,NA,X,,,standard,NA
ZA7780,7780,Eurobarometer 94.3,Feb-March,2021,qa3a.4,qa3a.4,IMPORTANT ISSUES CNTRY: TAXATION,,NA,0 = Not mentioned 1 = Taxation 8 = NA [NOT DOCUMENTED],NA,NA,NA,X,,,standard,NA
ZA7780,7780,Eurobarometer 94.3,Feb-March,2021,qa3a.5,qa3a.5,IMPORTANT ISSUES CNTRY: UNEMPLOYMENT,,NA,0 = Not mentioned 1 = Unemployment 8 = NA [NOT DOCUMENTED],NA,NA,NA,X,,,standard,NA
ZA7780,7780,Eurobarometer 94.3,Feb-March,2021,qa3a.6,qa3a.6,IMPORTANT ISSUES CNTRY: TERRORISM,,NA,0 = Not mentioned 1 = Terrorism 8 = NA [NOT DOCUMENTED],NA,NA,NA,X,,,standard,NA
ZA7780,7780,Eurobarometer 94.3,Feb-March,2021,qa3a.7,qa3a.7,IMPORTANT ISSUES CNTRY: CYPRUS ISSUE (CY-TCC ONLY),,NA,0 = Not mentioned 1 = Cyprus issue 9 = Inap. (not CY-TCC in isocntry),NA,NA,NA,X,,,standard,NA
ZA7780,7780,Eurobarometer 94.3,Feb-March,2021,qa3a.8,qa3a.8,IMPORTANT ISSUES CNTRY: HOUSING,,NA,0 = Not mentioned 1 = Housing 8 = NA [NOT DOCUMENTED],NA,NA,NA,X,,,standard,NA
ZA7780,7780,Eurobarometer 94.3,Feb-March,2021,qa3a.9,qa3a.9,IMPORTANT ISSUES CNTRY: GOVERNMENT DEBT,,NA,0 = Not mentioned 1 = Government debt 8 = NA [NOT DOCUMENTED] 9 = Inap. (CY-TCC in isocntry),NA,NA,NA,X,,,standard,NA
ZA7780,7780,Eurobarometer 94.3,Feb-March,2021,qa3a.10,qa3a.10,IMPORTANT ISSUES CNTRY: IMMIGRATION,,NA,0 = Not mentioned 1 = Immigration 8 = NA [NOT DOCUMENTED],NA,NA,NA,X,,,standard,NA
ZA7780,7780,Eurobarometer 94.3,Feb-March,2021,qa3a.11,qa3a.11,IMPORTANT ISSUES CNTRY: HEALTH,,NA,0 = Not mentioned 1 = Health 8 = NA [NOT DOCUMENTED],NA,NA,NA,X,,,standard,NA
ZA7780,7780,Eurobarometer 94.3,Feb-March,2021,qa3a.12,qa3a.12,IMPORTANT ISSUES CNTRY: EDUCATION SYSTEM,,NA,0 = Not mentioned 1 = The education system 8 = NA [NOT DOCUMENTED],NA,NA,NA,X,,,standard,NA
ZA7780,7780,Eurobarometer 94.3,Feb-March,2021,qa3a.13,qa3a.13,IMPORTANT ISSUES CNTRY: PENSIONS,,NA,0 = Not mentioned 1 = Pensions 8 = NA [NOT DOCUMENTED],NA,NA,NA,X,,,standard,NA
ZA7780,7780,Eurobarometer 94.3,Feb-March,2021,qa3a.14,qa3a.14,IMPORTANT ISSUES CNTRY: THE ENVIRONMENT & CLIMATE CHANGE,,NA,0 = Not mentioned 1 = The environment and climate change 8 = NA [NOT DOCUMENTED],NA,NA,NA,X,,,standard,NA
ZA7780,7780,Eurobarometer 94.3,Feb-March,2021,qa3a.15,qa3a.15,IMPORTANT ISSUES CNTRY: ENERGY SUPPLY,,NA,0 = Not mentioned 1 = Energy supply 8 = NA [NOT DOCUMENTED],NA,NA,NA,X,,,standard,NA
ZA7780,7780,Eurobarometer 94.3,Feb-March,2021,qa3a.16,qa3a.16,IMPORTANT ISSUES CNTRY: OTHER (SPONT),,NA,0 = Not mentioned 1 = Other 8 = NA [NOT DOCUMENTED],NA,NA,NA,X,,,standard,NA
ZA7780,7780,Eurobarometer 94.3,Feb-March,2021,qa3a.17,qa3a.17,IMPORTANT ISSUES CNTRY: NONE (SPONT),,NA,0 = Not mentioned 1 = None 8 = NA [NOT DOCUMENTED],NA,NA,NA,X,,,standard,NA
ZA7780,7780,Eurobarometer 94.3,Feb-March,2021,qa3a.18,qa3a.18,IMPORTANT ISSUES CNTRY: DK (SPONT),,NA,0 = Not mentioned 1 = Don't know (SPONTANEOUS) 8 = NA [NOT DOCUMENTED],NA,NA,NA,X,,,standard,NA
ZA7780,7780,Eurobarometer 94.3,Feb-March,2021,qa4a.1,qa4a.1,IMPORTANT ISSUES PERS: CRIME,,NA,0 = Not mentioned 1 = Crime,NA,NA,NA,X,,,standard,NA
ZA7780,7780,Eurobarometer 94.3,Feb-March,2021,qa4a.2,qa4a.2,IMPORTANT ISSUES PERS: ECONOMIC SITUATION,,NA,0 = Not mentioned 1 = The economic situation in (OUR COUNTRY),NA,NA,NA,X,,,standard,NA
ZA7780,7780,Eurobarometer 94.3,Feb-March,2021,qa4a.3,qa4a.3,IMPORTANT ISSUES PERS: RISING PRICES/INFLATION,,NA,0 = Not mentioned 1 = Rising prices/ inflation/ cost of living,NA,NA,NA,X,,,standard,NA
ZA7780,7780,Eurobarometer 94.3,Feb-March,2021,qa4a.4,qa4a.4,IMPORTANT ISSUES PERS: TAXATION,,NA,0 = Not mentioned 1 = Taxation,NA,NA,NA,X,,,standard,NA
ZA7780,7780,Eurobarometer 94.3,Feb-March,2021,qa4a.5,qa4a.5,IMPORTANT ISSUES PERS: UNEMPLOYMENT,,NA,0 = Not mentioned 1 = Unemployment,NA,NA,NA,X,,,standard,NA
ZA7780,7780,Eurobarometer 94.3,Feb-March,2021,qa4a.6,qa4a.6,IMPORTANT ISSUES PERS: TERRORISM,,NA,0 = Not mentioned 1 = Terrorism,NA,NA,NA,X,,,standard,NA
ZA7780,7780,Eurobarometer 94.3,Feb-March,2021,qa4a.7,qa4a.7,IMPORTANT ISSUES PERS: HOUSING,,NA,0 = Not mentioned 1 = Housing,NA,NA,NA,X,,,standard,NA
ZA7780,7780,Eurobarometer 94.3,Feb-March,2021,qa4a.8,qa4a.8,IMPORTANT ISSUES PERS: CYPRUS ISSUE (CY-TCC ONLY),,NA,0 = Not mentioned 1 = Cyprus issue 9 = Inap. (not CY-TCC in isocntry),NA,NA,NA,X,,,standard,NA
ZA7780,7780,Eurobarometer 94.3,Feb-March,2021,qa4a.9,qa4a.9,IMPORTANT ISSUES PERS: FINANCIAL SIT HH,,NA,0 = Not mentioned 1 = The financial situation of your household,NA,NA,NA,X,,,standard,NA
ZA7780,7780,Eurobarometer 94.3,Feb-March,2021,qa4a.10,qa4a.10,IMPORTANT ISSUES PERS: IMMIGRATION,,NA,0 = Not mentioned 1 = Immigration,NA,NA,NA,X,,,standard,NA
ZA7780,7780,Eurobarometer 94.3,Feb-March,2021,qa4a.11,qa4a.11,IMPORTANT ISSUES PERS: HEALTH,,NA,0 = Not mentioned 1 = Health,NA,NA,NA,X,,,standard,NA
ZA7780,7780,Eurobarometer 94.3,Feb-March,2021,qa4a.12,qa4a.12,IMPORTANT ISSUES PERS: EDUCATION SYSTEM,,NA,0 = Not mentioned 1 = The education system,NA,NA,NA,X,,,standard,NA
ZA7780,7780,Eurobarometer 94.3,Feb-March,2021,qa4a.13,qa4a.13,IMPORTANT ISSUES PERS: THE ENVIRONMENT & CLIMATE CHANGE,,NA,0 = Not mentioned 1 = The environment and climate change,NA,NA,NA,X,,,standard,NA
ZA7780,7780,Eurobarometer 94.3,Feb-March,2021,qa4a.14,qa4a.14,IMPORTANT ISSUES PERS: PENSIONS,,NA,0 = Not mentioned 1 = Pensions 9 = Inap. (CY-TCC in isocntry),NA,NA,NA,X,,,standard,NA
ZA7780,7780,Eurobarometer 94.3,Feb-March,2021,qa4a.15,qa4a.15,IMPORTANT ISSUES PERS: WORKING CONDITIONS,,NA,0 = Not mentioned 1 = Working conditions,NA,NA,NA,X,,,standard,NA
ZA7780,7780,Eurobarometer 94.3,Feb-March,2021,qa4a.16,qa4a.16,IMPORTANT ISSUES PERS: LIVING CONDITIONS,,NA,0 = Not mentioned 1 = Living conditions,NA,NA,NA,X,,,standard,NA
ZA7780,7780,Eurobarometer 94.3,Feb-March,2021,qa4a.17,qa4a.17,IMPORTANT ISSUES PERS: OTHER (SPONT),,NA,0 = Not mentioned 1 = Other,NA,NA,NA,X,,,standard,NA
ZA7780,7780,Eurobarometer 94.3,Feb-March,2021,qa4a.18,qa4a.18,IMPORTANT ISSUES PERS: NONE (SPONT),,NA,0 = Not mentioned 1 = None,NA,NA,NA,X,,,standard,NA
ZA7780,7780,Eurobarometer 94.3,Feb-March,2021,qa4a.19,qa4a.19,IMPORTANT ISSUES PERS: DK (SPONT),,NA,0 = Not mentioned 1 = Don't know (SPONTANEOUS),NA,NA,NA,X,,,standard,NA
ZA7780,7780,Eurobarometer 94.3,Feb-March,2021,qa5.1,qa5.1,IMPORTANT ISSUES EU: CRIME,,NA,0 = Not mentioned 1 = Crime 9 = Inap. (not 1 in eu27b),NA,NA,NA,X,,,standard,NA
ZA7780,7780,Eurobarometer 94.3,Feb-March,2021,qa5.2,qa5.2,IMPORTANT ISSUES EU: ECONOMIC SITUATION,,NA,0 = Not mentioned 1 = Economic situation 9 = Inap. (not 1 in eu27b),NA,NA,NA,X,,,standard,NA
ZA7780,7780,Eurobarometer 94.3,Feb-March,2021,qa5.3,qa5.3,IMPORTANT ISSUES EU: RISING PRICES/INFLATION,,NA,0 = Not mentioned 1 = Rising prices/ inflation/ cost of living 9 = Inap. (not 1 in eu27b),NA,NA,NA,X,,,standard,NA
ZA7780,7780,Eurobarometer 94.3,Feb-March,2021,qa5.4,qa5.4,IMPORTANT ISSUES EU: TAXATION,,NA,0 = Not mentioned 1 = Taxation 9 = Inap. (not 1 in eu27b),NA,NA,NA,X,,,standard,NA
ZA7780,7780,Eurobarometer 94.3,Feb-March,2021,qa5.5,qa5.5,IMPORTANT ISSUES EU: UNEMPLOYMENT,,NA,0 = Not mentioned 1 = Unemployment 9 = Inap. (not 1 in eu27b),NA,NA,NA,X,,,standard,NA
ZA7780,7780,Eurobarometer 94.3,Feb-March,2021,qa5.6,qa5.6,IMPORTANT ISSUES EU: TERRORISM,,NA,0 = Not mentioned 1 = Terrorism 9 = Inap. (not 1 in eu27b),NA,NA,NA,X,,,standard,NA
ZA7780,7780,Eurobarometer 94.3,Feb-March,2021,qa5.7,qa5.7,IMPORTANT ISSUES EU: INFLUENCE IN THE WORLD,,NA,0 = Not mentioned 1 = EU's influence in the world 9 = Inap. (not 1 in eu27b),NA,NA,NA,X,,,standard,NA
ZA7780,7780,Eurobarometer 94.3,Feb-March,2021,qa5.8,qa5.8,IMPORTANT ISSUES EU: MEMBER FINANCES,,NA,0 = Not mentioned 1 = The state of Member States public finances 9 = Inap. (not 1 in eu27b),NA,NA,NA,X,,,standard,NA
ZA7780,7780,Eurobarometer 94.3,Feb-March,2021,qa5.9,qa5.9,IMPORTANT ISSUES EU: IMMIGRATION,,NA,0 = Not mentioned 1 = Immigration 9 = Inap. (not 1 in eu27b),NA,NA,NA,X,,,standard,NA
ZA7780,7780,Eurobarometer 94.3,Feb-March,2021,qa5.10,qa5.10,IMPORTANT ISSUES EU: PENSIONS,,NA,0 = Not mentioned 1 = Pensions 9 = Inap. (not 1 in eu27b),NA,NA,NA,X,,,standard,NA
ZA7780,7780,Eurobarometer 94.3,Feb-March,2021,qa5.11,qa5.11,IMPORTANT ISSUES EU: THE ENVIRONMENT & CLIMATE CHANGE,,NA,0 = Not mentioned 1 = The environment and climate change 9 = Inap. (not 1 in eu27b),NA,NA,NA,X,,,standard,NA
ZA7780,7780,Eurobarometer 94.3,Feb-March,2021,qa5.12,qa5.12,IMPORTANT ISSUES EU: ENERGY SUPPLY,,NA,0 = Not mentioned 1 = Energy supply 9 = Inap. (not 1 in eu27b),NA,NA,NA,X,,,standard,NA
ZA7780,7780,Eurobarometer 94.3,Feb-March,2021,qa5.13,qa5.13,IMPORTANT ISSUES EU: HEALTH,,NA,0 = Not mentioned 1 = Health 9 = Inap. (not 1 in eu27b),NA,NA,NA,X,,,standard,NA
ZA7780,7780,Eurobarometer 94.3,Feb-March,2021,qa5.14,qa5.14,IMPORTANT ISSUES EU: OTHER (SPONT),,NA,0 = Not mentioned 1 = Other 9 = Inap. (not 1 in eu27b),NA,NA,NA,X,,,standard,NA
ZA7780,7780,Eurobarometer 94.3,Feb-March,2021,qa5.15,qa5.15,IMPORTANT ISSUES EU: NONE (SPONT),,NA,0 = Not mentioned 1 = None 9 = Inap. (not 1 in eu27b),NA,NA,NA,X,,,standard,NA
ZA7780,7780,Eurobarometer 94.3,Feb-March,2021,qa5.16,qa5.16,IMPORTANT ISSUES EU: DK (SPONT),,NA,0 = Not mentioned 1 = Don't know (SPONTANEOUS) 9 = Inap. (not 1 in eu27b),NA,NA,NA,X,,,standard,NA
ZA7783,7783,Eurobarometer 95.3,June-July,2021,isocntry,isocntry,COUNTRY CODE - ISO 3166,,isocntry, = AL  = AT  = BA  = BG  = DE-W  = DE-E  = ES  = FR  = GR  = HR  = HU  = IT  = ME  = MK  = MT  = NL  = PL  = RO  = RS  = SK  = TR  = CY-TCC  = SI  = CY  = RS-KM  = CZ  = DK  = LU  = LV  = PT  = SE  = FI  = LT  = CH  = EE  = NO  = IS  = BE  = IE  = GB,NA,NA,NA,X,,,standard,NA
ZA7783,7783,Eurobarometer 95.3,June-July,2021,qa3a.1,qa3a.1,IMPORTANT ISSUES CNTRY: CRIME,,NA,0 = Not mentioned 1 = Crime,NA,NA,NA,X,,,standard,NA
ZA7783,7783,Eurobarometer 95.3,June-July,2021,qa3a.2,qa3a.2,IMPORTANT ISSUES CNTRY: ECONOMIC SITUATION,,NA,0 = Not mentioned 1 = Economic situation,NA,NA,NA,X,,,standard,NA
ZA7783,7783,Eurobarometer 95.3,June-July,2021,qa3a.3,qa3a.3,IMPORTANT ISSUES CNTRY: RISING PRICES/INFLATION,,NA,0 = Not mentioned 1 = Rising prices inflation cost of living,NA,NA,NA,X,,,standard,NA
ZA7783,7783,Eurobarometer 95.3,June-July,2021,qa3a.4,qa3a.4,IMPORTANT ISSUES CNTRY: TAXATION,,NA,0 = Not mentioned 1 = Taxation,NA,NA,NA,X,,,standard,NA
ZA7783,7783,Eurobarometer 95.3,June-July,2021,qa3a.5,qa3a.5,IMPORTANT ISSUES CNTRY: UNEMPLOYMENT,,NA,0 = Not mentioned 1 = Unemployment,NA,NA,NA,X,,,standard,NA
ZA7783,7783,Eurobarometer 95.3,June-July,2021,qa3a.6,qa3a.6,IMPORTANT ISSUES CNTRY: TERRORISM,,NA,0 = Not mentioned 1 = Terrorism,NA,NA,NA,X,,,standard,NA
ZA7783,7783,Eurobarometer 95.3,June-July,2021,qa3a.7,qa3a.7,IMPORTANT ISSUES CNTRY: CYPRUS ISSUE (CY-TCC ONLY),,NA,0 = Not mentioned 1 = Cyprus issue 9 = Inap. (not CY-TCC in isocntry),NA,NA,NA,X,,,standard,NA
ZA7783,7783,Eurobarometer 95.3,June-July,2021,qa3a.8,qa3a.8,IMPORTANT ISSUES CNTRY: HOUSING,,NA,0 = Not mentioned 1 = Housing,NA,NA,NA,X,,,standard,NA
ZA7783,7783,Eurobarometer 95.3,June-July,2021,qa3a.9,qa3a.9,IMPORTANT ISSUES CNTRY: GOVERNMENT DEBT,,NA,0 = Not mentioned 1 = Government debt 9 = Inap. (CY-TCC in isocntry),NA,NA,NA,X,,,standard,NA
ZA7783,7783,Eurobarometer 95.3,June-July,2021,qa3a.10,qa3a.10,IMPORTANT ISSUES CNTRY: IMMIGRATION,,NA,0 = Not mentioned 1 = Immigration,NA,NA,NA,X,,,standard,NA
ZA7783,7783,Eurobarometer 95.3,June-July,2021,qa3a.11,qa3a.11,IMPORTANT ISSUES CNTRY: HEALTH,,NA,0 = Not mentioned 1 = Health,NA,NA,NA,X,,,standard,NA
ZA7783,7783,Eurobarometer 95.3,June-July,2021,qa3a.12,qa3a.12,IMPORTANT ISSUES CNTRY: EDUCATION SYSTEM,,NA,0 = Not mentioned 1 = The education system,NA,NA,NA,X,,,standard,NA
ZA7783,7783,Eurobarometer 95.3,June-July,2021,qa3a.13,qa3a.13,IMPORTANT ISSUES CNTRY: PENSIONS,,NA,0 = Not mentioned 1 = Pensions,NA,NA,NA,X,,,standard,NA
ZA7783,7783,Eurobarometer 95.3,June-July,2021,qa3a.14,qa3a.14,IMPORTANT ISSUES CNTRY: THE ENVIRONMENT & CLIMATE CHANGE,,NA,0 = Not mentioned 1 = The environment and climate change,NA,NA,NA,X,,,standard,NA
ZA7783,7783,Eurobarometer 95.3,June-July,2021,qa3a.15,qa3a.15,IMPORTANT ISSUES CNTRY: ENERGY SUPPLY,,NA,0 = Not mentioned 1 = Energy supply,NA,NA,NA,X,,,standard,NA
ZA7783,7783,Eurobarometer 95.3,June-July,2021,qa3a.16,qa3a.16,IMPORTANT ISSUES CNTRY: OTHER (SPONT),,NA,0 = Not mentioned 1 = Other (SPONTANEOUS),NA,NA,NA,X,,,standard,NA
ZA7783,7783,Eurobarometer 95.3,June-July,2021,qa3a.17,qa3a.17,IMPORTANT ISSUES CNTRY: NONE (SPONT),,NA,0 = Not mentioned 1 = None (SPONTANEOUS),NA,NA,NA,X,,,standard,NA
ZA7783,7783,Eurobarometer 95.3,June-July,2021,qa3a.18,qa3a.18,IMPORTANT ISSUES CNTRY: DK (SPONT),,NA,0 = Not mentioned 1 = Don't know (SPONTANEOUS),NA,NA,NA,X,,,standard,NA
ZA7783,7783,Eurobarometer 95.3,June-July,2021,qa4a.1,qa4a.1,IMPORTANT ISSUES PERS: CRIME,,NA,0 = Not mentioned 1 = Crime,NA,NA,NA,X,,,standard,NA
ZA7783,7783,Eurobarometer 95.3,June-July,2021,qa4a.2,qa4a.2,IMPORTANT ISSUES PERS: ECONOMIC SITUATION,,NA,0 = Not mentioned 1 = The economic situation in (our country),NA,NA,NA,X,,,standard,NA
ZA7783,7783,Eurobarometer 95.3,June-July,2021,qa4a.3,qa4a.3,IMPORTANT ISSUES PERS: RISING PRICES/INFLATION,,NA,0 = Not mentioned 1 = Rising prices inflation cost of living,NA,NA,NA,X,,,standard,NA
ZA7783,7783,Eurobarometer 95.3,June-July,2021,qa4a.4,qa4a.4,IMPORTANT ISSUES PERS: TAXATION,,NA,0 = Not mentioned 1 = Taxation,NA,NA,NA,X,,,standard,NA
ZA7783,7783,Eurobarometer 95.3,June-July,2021,qa4a.5,qa4a.5,IMPORTANT ISSUES PERS: UNEMPLOYMENT,,NA,0 = Not mentioned 1 = Unemployment,NA,NA,NA,X,,,standard,NA
ZA7783,7783,Eurobarometer 95.3,June-July,2021,qa4a.6,qa4a.6,IMPORTANT ISSUES PERS: TERRORISM,,NA,0 = Not mentioned 1 = Terrorism,NA,NA,NA,X,,,standard,NA
ZA7783,7783,Eurobarometer 95.3,June-July,2021,qa4a.7,qa4a.7,IMPORTANT ISSUES PERS: HOUSING,,NA,0 = Not mentioned 1 = Housing,NA,NA,NA,X,,,standard,NA
ZA7783,7783,Eurobarometer 95.3,June-July,2021,qa4a.8,qa4a.8,IMPORTANT ISSUES PERS: CYPRUS ISSUE (CY-TCC ONLY),,NA,0 = Not mentioned 1 = Cyprus issue 9 = Inap. (not CY-TCC in isocntry),NA,NA,NA,X,,,standard,NA
ZA7783,7783,Eurobarometer 95.3,June-July,2021,qa4a.9,qa4a.9,IMPORTANT ISSUES PERS: FINANCIAL SIT HH,,NA,0 = Not mentioned 1 = The financial situation of your household,NA,NA,NA,X,,,standard,NA
ZA7783,7783,Eurobarometer 95.3,June-July,2021,qa4a.10,qa4a.10,IMPORTANT ISSUES PERS: IMMIGRATION,,NA,0 = Not mentioned 1 = Immigration,NA,NA,NA,X,,,standard,NA
ZA7783,7783,Eurobarometer 95.3,June-July,2021,qa4a.11,qa4a.11,IMPORTANT ISSUES PERS: HEALTH,,NA,0 = Not mentioned 1 = Health,NA,NA,NA,X,,,standard,NA
ZA7783,7783,Eurobarometer 95.3,June-July,2021,qa4a.12,qa4a.12,IMPORTANT ISSUES PERS: EDUCATION SYSTEM,,NA,0 = Not mentioned 1 = The education system,NA,NA,NA,X,,,standard,NA
ZA7783,7783,Eurobarometer 95.3,June-July,2021,qa4a.13,qa4a.13,IMPORTANT ISSUES PERS: THE ENVIRONMENT & CLIMATE CHANGE,,NA,0 = Not mentioned 1 = The environment and climate change,NA,NA,NA,X,,,standard,NA
ZA7783,7783,Eurobarometer 95.3,June-July,2021,qa4a.14,qa4a.14,IMPORTANT ISSUES PERS: PENSIONS,,NA,0 = Not mentioned 1 = Pensions 9 = Inap. (CY-TCC in isocntry),NA,NA,NA,X,,,standard,NA
ZA7783,7783,Eurobarometer 95.3,June-July,2021,qa4a.15,qa4a.15,IMPORTANT ISSUES PERS: WORKING CONDITIONS,,NA,0 = Not mentioned 1 = Working conditions,NA,NA,NA,X,,,standard,NA
ZA7783,7783,Eurobarometer 95.3,June-July,2021,qa4a.16,qa4a.16,IMPORTANT ISSUES PERS: LIVING CONDITIONS,,NA,0 = Not mentioned 1 = Living conditions,NA,NA,NA,X,,,standard,NA
ZA7783,7783,Eurobarometer 95.3,June-July,2021,qa4a.17,qa4a.17,IMPORTANT ISSUES PERS: OTHER (SPONT),,NA,0 = Not mentioned 1 = Other (SPONTANEOUS),NA,NA,NA,X,,,standard,NA
ZA7783,7783,Eurobarometer 95.3,June-July,2021,qa4a.18,qa4a.18,IMPORTANT ISSUES PERS: NONE (SPONT),,NA,0 = Not mentioned 1 = None (SPONTANEOUS),NA,NA,NA,X,,,standard,NA
ZA7783,7783,Eurobarometer 95.3,June-July,2021,qa4a.19,qa4a.19,IMPORTANT ISSUES PERS: DK (SPONT),,NA,0 = Not mentioned 1 = Don't know (SPONTANEOUS),NA,NA,NA,X,,,standard,NA
ZA7783,7783,Eurobarometer 95.3,June-July,2021,qa5.1,qa5.1,IMPORTANT ISSUES EU: CRIME,,NA,0 = Not mentioned 1 = Crime 9 = Inap. (not 1 in eu27b),NA,NA,NA,X,,,standard,NA
ZA7783,7783,Eurobarometer 95.3,June-July,2021,qa5.2,qa5.2,IMPORTANT ISSUES EU: ECONOMIC SITUATION,,NA,0 = Not mentioned 1 = Economic situation 9 = Inap. (not 1 in eu27b),NA,NA,NA,X,,,standard,NA
ZA7783,7783,Eurobarometer 95.3,June-July,2021,qa5.3,qa5.3,IMPORTANT ISSUES EU: RISING PRICES/INFLATION,,NA,0 = Not mentioned 1 = Rising prices/ inflation/ cost of living 9 = Inap. (not 1 in eu27b),NA,NA,NA,X,,,standard,NA
ZA7783,7783,Eurobarometer 95.3,June-July,2021,qa5.4,qa5.4,IMPORTANT ISSUES EU: TAXATION,,NA,0 = Not mentioned 1 = Taxation 9 = Inap. (not 1 in eu27b),NA,NA,NA,X,,,standard,NA
ZA7783,7783,Eurobarometer 95.3,June-July,2021,qa5.5,qa5.5,IMPORTANT ISSUES EU: UNEMPLOYMENT,,NA,0 = Not mentioned 1 = Unemployment 9 = Inap. (not 1 in eu27b),NA,NA,NA,X,,,standard,NA
ZA7783,7783,Eurobarometer 95.3,June-July,2021,qa5.6,qa5.6,IMPORTANT ISSUES EU: TERRORISM,,NA,0 = Not mentioned 1 = Terrorism 9 = Inap. (not 1 in eu27b),NA,NA,NA,X,,,standard,NA
ZA7783,7783,Eurobarometer 95.3,June-July,2021,qa5.7,qa5.7,IMPORTANT ISSUES EU: INFLUENCE IN THE WORLD,,NA,0 = Not mentioned 1 = EU's influence in the world 9 = Inap. (not 1 in eu27b),NA,NA,NA,X,,,standard,NA
ZA7783,7783,Eurobarometer 95.3,June-July,2021,qa5.8,qa5.8,IMPORTANT ISSUES EU: MEMBER FINANCES,,NA,0 = Not mentioned 1 = The state of Member States public finances 9 = Inap. (not 1 in eu27b),NA,NA,NA,X,,,standard,NA
ZA7783,7783,Eurobarometer 95.3,June-July,2021,qa5.9,qa5.9,IMPORTANT ISSUES EU: IMMIGRATION,,NA,0 = Not mentioned 1 = Immigration 9 = Inap. (not 1 in eu27b),NA,NA,NA,X,,,standard,NA
ZA7783,7783,Eurobarometer 95.3,June-July,2021,qa5.10,qa5.10,IMPORTANT ISSUES EU: PENSIONS,,NA,0 = Not mentioned 1 = Pensions 9 = Inap. (not 1 in eu27b),NA,NA,NA,X,,,standard,NA
ZA7783,7783,Eurobarometer 95.3,June-July,2021,qa5.11,qa5.11,IMPORTANT ISSUES EU: THE ENVIRONMENT & CLIMATE CHANGE,,NA,0 = Not mentioned 1 = The environment and climate change 9 = Inap. (not 1 in eu27b),NA,NA,NA,X,,,standard,NA
ZA7783,7783,Eurobarometer 95.3,June-July,2021,qa5.12,qa5.12,IMPORTANT ISSUES EU: ENERGY SUPPLY,,NA,0 = Not mentioned 1 = Energy supply 9 = Inap. (not 1 in eu27b),NA,NA,NA,X,,,standard,NA
ZA7783,7783,Eurobarometer 95.3,June-July,2021,qa5.13,qa5.13,IMPORTANT ISSUES EU: HEALTH,,NA,0 = Not mentioned 1 = Health 9 = Inap. (not 1 in eu27b),NA,NA,NA,X,,,standard,NA
ZA7783,7783,Eurobarometer 95.3,June-July,2021,qa5.14,qa5.14,IMPORTANT ISSUES EU: OTHER (SPONT),,NA,0 = Not mentioned 1 = Other 9 = Inap. (not 1 in eu27b),NA,NA,NA,X,,,standard,NA
ZA7783,7783,Eurobarometer 95.3,June-July,2021,qa5.15,qa5.15,IMPORTANT ISSUES EU: NONE (SPONT),,NA,0 = Not mentioned 1 = None 9 = Inap. (not 1 in eu27b),NA,NA,NA,X,,,standard,NA
ZA7783,7783,Eurobarometer 95.3,June-July,2021,qa5.16,qa5.16,IMPORTANT ISSUES EU: DK (SPONT),,NA,0 = Not mentioned 1 = Don't know (SPONTANEOUS) 9 = Inap. (not 1 in eu27b),NA,NA,NA,X,,,standard,NA
ZA7848,7848,Eurobarometer 96.3,Jan-Feb,2022,isocntry,isocntry,COUNTRY CODE - ISO 3166,,isocntry, = AL  = AT  = BA  = BE  = BG  = CY  = DE-W  = DE-E  = DK  = ES  = FI  = FR  = GR  = HR  = HU  = IE  = IT  = LT  = LU  = LV  = ME  = MK  = MT  = NL  = PL  = PT  = RO  = RS  = SI  = SK  = SE  = CY-TCC  = TR  = RS-KM  = CH  = NO  = EE  = IS  = CZ  = GB,NA,NA,NA,X,,,standard,NA
ZA7848,7848,Eurobarometer 96.3,Jan-Feb,2022,qa3.1,qa3.1,IMPORTANT ISSUES CNTRY: CRIME,,NA,0 = Not mentioned 1 = Crime,NA,NA,NA,X,,,standard,NA
ZA7848,7848,Eurobarometer 96.3,Jan-Feb,2022,qa3.2,qa3.2,IMPORTANT ISSUES CNTRY: ECONOMIC SITUATION,,NA,0 = Not mentioned 1 = Economic situation,NA,NA,NA,X,,,standard,NA
ZA7848,7848,Eurobarometer 96.3,Jan-Feb,2022,qa3.3,qa3.3,IMPORTANT ISSUES CNTRY: RISING PRICES/INFLATION,,NA,0 = Not mentioned 1 = Rising prices/ inflation/ cost of living,NA,NA,NA,X,,,standard,NA
ZA7848,7848,Eurobarometer 96.3,Jan-Feb,2022,qa3.4,qa3.4,IMPORTANT ISSUES CNTRY: TAXATION,,NA,0 = Not mentioned 1 = Taxation,NA,NA,NA,X,,,standard,NA
ZA7848,7848,Eurobarometer 96.3,Jan-Feb,2022,qa3.5,qa3.5,IMPORTANT ISSUES CNTRY: UNEMPLOYMENT,,NA,0 = Not mentioned 1 = Unemployment,NA,NA,NA,X,,,standard,NA
ZA7848,7848,Eurobarometer 96.3,Jan-Feb,2022,qa3.6,qa3.6,IMPORTANT ISSUES CNTRY: TERRORISM,,NA,0 = Not mentioned 1 = Terrorism,NA,NA,NA,X,,,standard,NA
ZA7848,7848,Eurobarometer 96.3,Jan-Feb,2022,qa3.7,qa3.7,IMPORTANT ISSUES CNTRY: CYPRUS ISSUE (CY-TCC ONLY),,NA,0 = Not mentioned 1 = Cyprus issue 9 = Inap. (not CY-TCC in isocntry),NA,NA,NA,X,,,standard,NA
ZA7848,7848,Eurobarometer 96.3,Jan-Feb,2022,qa3.8,qa3.8,IMPORTANT ISSUES CNTRY: HOUSING,,NA,0 = Not mentioned 1 = Housing,NA,NA,NA,X,,,standard,NA
ZA7848,7848,Eurobarometer 96.3,Jan-Feb,2022,qa3.9,qa3.9,IMPORTANT ISSUES CNTRY: GOVERNMENT DEBT,,NA,0 = Not mentioned 1 = Government debt 9 = Inap. (CY-TCC in isocntry),NA,NA,NA,X,,,standard,NA
ZA7848,7848,Eurobarometer 96.3,Jan-Feb,2022,qa3.10,qa3.10,IMPORTANT ISSUES CNTRY: IMMIGRATION,,NA,0 = Not mentioned 1 = Immigration,NA,NA,NA,X,,,standard,NA
ZA7848,7848,Eurobarometer 96.3,Jan-Feb,2022,qa3.11,qa3.11,IMPORTANT ISSUES CNTRY: HEALTH,,NA,0 = Not mentioned 1 = Health,NA,NA,NA,X,,,standard,NA
ZA7848,7848,Eurobarometer 96.3,Jan-Feb,2022,qa3.12,qa3.12,IMPORTANT ISSUES CNTRY: EDUCATION SYSTEM,,NA,0 = Not mentioned 1 = The education system,NA,NA,NA,X,,,standard,NA
ZA7848,7848,Eurobarometer 96.3,Jan-Feb,2022,qa3.13,qa3.13,IMPORTANT ISSUES CNTRY: PENSIONS,,NA,0 = Not mentioned 1 = Pensions,NA,NA,NA,X,,,standard,NA
ZA7848,7848,Eurobarometer 96.3,Jan-Feb,2022,qa3.14,qa3.14,IMPORTANT ISSUES CNTRY: THE ENVIRONMENT & CLIMATE CHANGE,,NA,0 = Not mentioned 1 = The environment and climate change,NA,NA,NA,X,,,standard,NA
ZA7848,7848,Eurobarometer 96.3,Jan-Feb,2022,qa3.15,qa3.15,IMPORTANT ISSUES CNTRY: ENERGY SUPPLY,,NA,0 = Not mentioned 1 = Energy supply,NA,NA,NA,X,,,standard,NA
ZA7848,7848,Eurobarometer 96.3,Jan-Feb,2022,qa3.16,qa3.16,IMPORTANT ISSUES CNTRY: OTHER (SPONT),,NA,0 = Not mentioned 1 = Other (SPONTANEOUS),NA,NA,NA,X,,,standard,NA
ZA7848,7848,Eurobarometer 96.3,Jan-Feb,2022,qa3.17,qa3.17,IMPORTANT ISSUES CNTRY: NONE (SPONT),,NA,0 = Not mentioned 1 = None (SPONTANEOUS),NA,NA,NA,X,,,standard,NA
ZA7848,7848,Eurobarometer 96.3,Jan-Feb,2022,qa3.18,qa3.18,IMPORTANT ISSUES CNTRY: DK (SPONT),,NA,0 = Not mentioned 1 = Don't know (SPONTANEOUS),NA,NA,NA,X,,,standard,NA
ZA7848,7848,Eurobarometer 96.3,Jan-Feb,2022,qa4.1,qa4.1,IMPORTANT ISSUES PERS: CRIME,,NA,0 = Not mentioned 1 = Crime,NA,NA,NA,X,,,standard,NA
ZA7848,7848,Eurobarometer 96.3,Jan-Feb,2022,qa4.2,qa4.2,IMPORTANT ISSUES PERS: ECONOMIC SITUATION,,NA,0 = Not mentioned 1 = The economic situation in (OUR COUNTRY),NA,NA,NA,X,,,standard,NA
ZA7848,7848,Eurobarometer 96.3,Jan-Feb,2022,qa4.3,qa4.3,IMPORTANT ISSUES PERS: RISING PRICES/INFLATION,,NA,0 = Not mentioned 1 = Rising prices/ inflation/ cost of living,NA,NA,NA,X,,,standard,NA
ZA7848,7848,Eurobarometer 96.3,Jan-Feb,2022,qa4.4,qa4.4,IMPORTANT ISSUES PERS: TAXATION,,NA,0 = Not mentioned 1 = Taxation,NA,NA,NA,X,,,standard,NA
ZA7848,7848,Eurobarometer 96.3,Jan-Feb,2022,qa4.5,qa4.5,IMPORTANT ISSUES PERS: UNEMPLOYMENT,,NA,0 = Not mentioned 1 = Unemployment,NA,NA,NA,X,,,standard,NA
ZA7848,7848,Eurobarometer 96.3,Jan-Feb,2022,qa4.6,qa4.6,IMPORTANT ISSUES PERS: TERRORISM,,NA,0 = Not mentioned 1 = Terrorism,NA,NA,NA,X,,,standard,NA
ZA7848,7848,Eurobarometer 96.3,Jan-Feb,2022,qa4.7,qa4.7,IMPORTANT ISSUES PERS: HOUSING,,NA,0 = Not mentioned 1 = Housing,NA,NA,NA,X,,,standard,NA
ZA7848,7848,Eurobarometer 96.3,Jan-Feb,2022,qa4.8,qa4.8,IMPORTANT ISSUES PERS: CYPRUS ISSUE (CY-TCC ONLY),,NA,0 = Not mentioned 1 = Cyprus issue 9 = Inap. (not CY-TCC in isocntry),NA,NA,NA,X,,,standard,NA
ZA7848,7848,Eurobarometer 96.3,Jan-Feb,2022,qa4.9,qa4.9,IMPORTANT ISSUES PERS: FINANCIAL SIT HH,,NA,0 = Not mentioned 1 = The financial situation of your household,NA,NA,NA,X,,,standard,NA
ZA7848,7848,Eurobarometer 96.3,Jan-Feb,2022,qa4.10,qa4.10,IMPORTANT ISSUES PERS: IMMIGRATION,,NA,0 = Not mentioned 1 = Immigration,NA,NA,NA,X,,,standard,NA
ZA7848,7848,Eurobarometer 96.3,Jan-Feb,2022,qa4.11,qa4.11,IMPORTANT ISSUES PERS: HEALTH,,NA,0 = Not mentioned 1 = Health,NA,NA,NA,X,,,standard,NA
ZA7848,7848,Eurobarometer 96.3,Jan-Feb,2022,qa4.12,qa4.12,IMPORTANT ISSUES PERS: EDUCATION SYSTEM,,NA,0 = Not mentioned 1 = The education system,NA,NA,NA,X,,,standard,NA
ZA7848,7848,Eurobarometer 96.3,Jan-Feb,2022,qa4.13,qa4.13,IMPORTANT ISSUES PERS: THE ENVIRONMENT & CLIMATE CHANGE,,NA,0 = Not mentioned 1 = The environment and climate change,NA,NA,NA,X,,,standard,NA
ZA7848,7848,Eurobarometer 96.3,Jan-Feb,2022,qa4.14,qa4.14,IMPORTANT ISSUES PERS: PENSIONS,,NA,0 = Not mentioned 1 = Pensions 9 = Inap. (CY-TCC in isocntry),NA,NA,NA,X,,,standard,NA
ZA7848,7848,Eurobarometer 96.3,Jan-Feb,2022,qa4.15,qa4.15,IMPORTANT ISSUES PERS: WORKING CONDITIONS,,NA,0 = Not mentioned 1 = Working conditions,NA,NA,NA,X,,,standard,NA
ZA7848,7848,Eurobarometer 96.3,Jan-Feb,2022,qa4.16,qa4.16,IMPORTANT ISSUES PERS: LIVING CONDITIONS,,NA,0 = Not mentioned 1 = Living conditions,NA,NA,NA,X,,,standard,NA
ZA7848,7848,Eurobarometer 96.3,Jan-Feb,2022,qa4.17,qa4.17,IMPORTANT ISSUES PERS: OTHER (SPONT),,NA,0 = Not mentioned 1 = Other (SPONTANEOUS),NA,NA,NA,X,,,standard,NA
ZA7848,7848,Eurobarometer 96.3,Jan-Feb,2022,qa4.18,qa4.18,IMPORTANT ISSUES PERS: NONE (SPONT),,NA,0 = Not mentioned 1 = None (SPONTANEOUS),NA,NA,NA,X,,,standard,NA
ZA7848,7848,Eurobarometer 96.3,Jan-Feb,2022,qa4.19,qa4.19,IMPORTANT ISSUES PERS: DK (SPONT),,NA,0 = Not mentioned 1 = Don't know (SPONTANEOUS),NA,NA,NA,X,,,standard,NA
ZA7848,7848,Eurobarometer 96.3,Jan-Feb,2022,qa5.1,qa5.1,IMPORTANT ISSUES EU: CRIME,,NA,0 = Not mentioned 1 = Crime 9 = Inap. (not 1 in eu27b),NA,NA,NA,X,,,standard,NA
ZA7848,7848,Eurobarometer 96.3,Jan-Feb,2022,qa5.2,qa5.2,IMPORTANT ISSUES EU: ECONOMIC SITUATION,,NA,0 = Not mentioned 1 = Economic situation 9 = Inap. (not 1 in eu27b),NA,NA,NA,X,,,standard,NA
ZA7848,7848,Eurobarometer 96.3,Jan-Feb,2022,qa5.3,qa5.3,IMPORTANT ISSUES EU: RISING PRICES/INFLATION,,NA,0 = Not mentioned 1 = Rising prices/ inflation/ cost of living 9 = Inap. (not 1 in eu27b),NA,NA,NA,X,,,standard,NA
ZA7848,7848,Eurobarometer 96.3,Jan-Feb,2022,qa5.4,qa5.4,IMPORTANT ISSUES EU: TAXATION,,NA,0 = Not mentioned 1 = Taxation 9 = Inap. (not 1 in eu27b),NA,NA,NA,X,,,standard,NA
ZA7848,7848,Eurobarometer 96.3,Jan-Feb,2022,qa5.5,qa5.5,IMPORTANT ISSUES EU: UNEMPLOYMENT,,NA,0 = Not mentioned 1 = Unemployment 9 = Inap. (not 1 in eu27b),NA,NA,NA,X,,,standard,NA
ZA7848,7848,Eurobarometer 96.3,Jan-Feb,2022,qa5.6,qa5.6,IMPORTANT ISSUES EU: TERRORISM,,NA,0 = Not mentioned 1 = Terrorism 9 = Inap. (not 1 in eu27b),NA,NA,NA,X,,,standard,NA
ZA7848,7848,Eurobarometer 96.3,Jan-Feb,2022,qa5.7,qa5.7,IMPORTANT ISSUES EU: INFLUENCE IN THE WORLD,,NA,0 = Not mentioned 1 = EU's influence in the world 9 = Inap. (not 1 in eu27b),NA,NA,NA,X,,,standard,NA
ZA7848,7848,Eurobarometer 96.3,Jan-Feb,2022,qa5.8,qa5.8,IMPORTANT ISSUES EU: MEMBER FINANCES,,NA,0 = Not mentioned 1 = The state of Member States public finances 9 = Inap. (not 1 in eu27b),NA,NA,NA,X,,,standard,NA
ZA7848,7848,Eurobarometer 96.3,Jan-Feb,2022,qa5.9,qa5.9,IMPORTANT ISSUES EU: IMMIGRATION,,NA,0 = Not mentioned 1 = Immigration 9 = Inap. (not 1 in eu27b),NA,NA,NA,X,,,standard,NA
ZA7848,7848,Eurobarometer 96.3,Jan-Feb,2022,qa5.10,qa5.10,IMPORTANT ISSUES EU: PENSIONS,,NA,0 = Not mentioned 1 = Pensions 9 = Inap. (not 1 in eu27b),NA,NA,NA,X,,,standard,NA
ZA7848,7848,Eurobarometer 96.3,Jan-Feb,2022,qa5.11,qa5.11,IMPORTANT ISSUES EU: THE ENVIRONMENT & CLIMATE CHANGE,,NA,0 = Not mentioned 1 = The environment and climate change 9 = Inap. (not 1 in eu27b),NA,NA,NA,X,,,standard,NA
ZA7848,7848,Eurobarometer 96.3,Jan-Feb,2022,qa5.12,qa5.12,IMPORTANT ISSUES EU: ENERGY SUPPLY,,NA,0 = Not mentioned 1 = Energy supply 9 = Inap. (not 1 in eu27b),NA,NA,NA,X,,,standard,NA
ZA7848,7848,Eurobarometer 96.3,Jan-Feb,2022,qa5.13,qa5.13,IMPORTANT ISSUES EU: HEALTH,,NA,0 = Not mentioned 1 = Health 9 = Inap. (not 1 in eu27b),NA,NA,NA,X,,,standard,NA
ZA7848,7848,Eurobarometer 96.3,Jan-Feb,2022,qa5.14,qa5.14,IMPORTANT ISSUES EU: OTHER (SPONT),,NA,0 = Not mentioned 1 = Other (SPONTANEOUS) 9 = Inap. (not 1 in eu27b),NA,NA,NA,X,,,standard,NA
ZA7848,7848,Eurobarometer 96.3,Jan-Feb,2022,qa5.15,qa5.15,IMPORTANT ISSUES EU: NONE (SPONT),,NA,0 = Not mentioned 1 = None (SPONTANEOUS) 9 = Inap. (not 1 in eu27b),NA,NA,NA,X,,,standard,NA
ZA7848,7848,Eurobarometer 96.3,Jan-Feb,2022,qa5.16,qa5.16,IMPORTANT ISSUES EU: DK (SPONT),,NA,0 = Not mentioned 1 = Don't know (SPONTANEOUS) 9 = Inap. (not 1 in eu27b),NA,NA,NA,X,,,standard,NA
ZA7888,7888,Eurobarometer 97.3,April-May,2022,isocntry,isocntry,COUNTRY CODE - ISO 3166,,isocntry, = AT  = BE  = BG  = CY  = CZ  = DE-E  = DE-W  = DK  = EE  = ES  = FI  = FR  = GR  = HR  = HU  = IE  = IT  = LT  = LU  = LV  = MT  = NL  = PL  = PT  = RO  = SI  = SK  = SE,NA,NA,NA,,,X,special,NA
